 0.000000e+00	 0.000000e+00	 4.753983e-03	 1.447878e+00	-2.441647e-03
 0.000000e+00	 1.000000e+00	 4.400955e-03	-2.038033e+00	-5.030108e-04
 0.000000e+00	 2.000000e+00	 5.246284e-03	 1.596031e+00	-2.712517e-04
 0.000000e+00	 3.000000e+00	 4.418109e-03	-1.908779e+00	-2.943441e-03
 0.000000e+00	 4.000000e+00	 4.565709e-03	 1.195926e+00	-2.465898e-03
 0.000000e+00	 5.000000e+00	 4.839729e-03	-1.637702e+00	-1.000852e-03
 0.000000e+00	 6.000000e+00	 4.593761e-03	 1.171513e+00	-2.056912e-03
 0.000000e+00	 7.000000e+00	 5.365906e-03	-2.008350e+00	-1.513188e-03
 0.000000e+00	 8.000000e+00	 4.208523e-03	 1.614744e+00	-1.028250e-03
 0.000000e+00	 9.000000e+00	 3.625874e-03	-1.477973e+00	-2.597476e-03
 0.000000e+00	 1.000000e+01	 6.079807e-03	 1.233342e+00	-8.672984e-04
 1.000000e+00	 0.000000e+00	 6.506059e-03	-1.860763e+00	-1.063948e-03
 1.000000e+00	 1.000000e+00	 3.779366e-03	 1.661255e+00	-2.490488e-03
 1.000000e+00	 2.000000e+00	 4.380530e-03	-1.529429e+00	-1.064562e-03
 1.000000e+00	 3.000000e+00	 5.899518e-03	 1.192960e+00	-1.778006e-03
 1.000000e+00	 4.000000e+00	 4.630645e-03	-1.912574e+00	-1.904754e-03
 1.000000e+00	 5.000000e+00	 4.967859e-03	 1.520988e+00	-1.087143e-03
 1.000000e+00	 6.000000e+00	 5.017235e-03	-1.894001e+00	-2.638459e-03
 1.000000e+00	 7.000000e+00	 4.509870e-03	 1.277871e+00	-2.742250e-03
 1.000000e+00	 8.000000e+00	 5.432375e-03	-1.534014e+00	-3.609297e-04
 1.000000e+00	 9.000000e+00	 4.761933e-03	 1.141452e+00	-6.310902e-04
 1.000000e+00	 1.000000e+01	 4.987784e-03	-1.649570e+00	-2.334309e-03
 2.000000e+00	 0.000000e+00	 5.390617e-03	 1.542798e+00	-2.264116e-03
 2.000000e+00	 1.000000e+00	 5.045868e-03	-1.953375e+00	-6.868087e-04
 2.000000e+00	 2.000000e+00	 5.608620e-03	 1.616674e+00	-4.195712e-04
 2.000000e+00	 3.000000e+00	 4.894888e-03	-1.794717e+00	-2.842129e-03
 2.000000e+00	 4.000000e+00	 5.260201e-03	 1.296626e+00	-2.550397e-03
 2.000000e+00	 5.000000e+00	 5.092758e-03	-1.601494e+00	-1.094682e-03
 2.000000e+00	 6.000000e+00	 4.903845e-03	 1.317961e+00	-2.067639e-03
 2.000000e+00	 7.000000e+00	 6.125239e-03	-1.909439e+00	-1.819206e-03
 2.000000e+00	 8.000000e+00	 4.529164e-03	 1.616047e+00	-1.090343e-03
 2.000000e+00	 9.000000e+00	 4.157456e-03	-1.447061e+00	-2.575403e-03
 2.000000e+00	 1.000000e+01	 6.688119e-03	 1.317194e+00	-1.163778e-03
 3.000000e+00	 0.000000e+00	 6.890409e-03	-1.792765e+00	-1.270699e-03
 3.000000e+00	 1.000000e+00	 4.763185e-03	 1.727433e+00	-2.627808e-03
 3.000000e+00	 2.000000e+00	 4.642778e-03	-1.517207e+00	-1.136328e-03
 3.000000e+00	 3.000000e+00	 6.246278e-03	 1.283990e+00	-1.787924e-03
 3.000000e+00	 4.000000e+00	 5.396851e-03	-1.760020e+00	-2.274789e-03
 3.000000e+00	 5.000000e+00	 5.298076e-03	 1.563520e+00	-1.159203e-03
 3.000000e+00	 6.000000e+00	 5.325558e-03	-1.802702e+00	-2.342483e-03
 3.000000e+00	 7.000000e+00	 5.419257e-03	 1.403987e+00	-3.004488e-03
 3.000000e+00	 8.000000e+00	 5.711564e-03	-1.515545e+00	-5.175984e-04
 3.000000e+00	 9.000000e+00	 5.175746e-03	 1.244841e+00	-7.318511e-04
 3.000000e+00	 1.000000e+01	 5.721312e-03	-1.568079e+00	-2.247119e-03
 4.000000e+00	 0.000000e+00	 6.124419e-03	 1.586176e+00	-2.134336e-03
 4.000000e+00	 1.000000e+00	 5.508116e-03	-1.834549e+00	-1.015681e-03
 4.000000e+00	 2.000000e+00	 5.850792e-03	 1.635990e+00	-5.950403e-04
 4.000000e+00	 3.000000e+00	 5.746499e-03	-1.703483e+00	-2.948444e-03
 4.000000e+00	 4.000000e+00	 5.716628e-03	 1.388819e+00	-2.473684e-03
 4.000000e+00	 5.000000e+00	 5.516202e-03	-1.566902e+00	-1.221845e-03
 4.000000e+00	 6.000000e+00	 5.679228e-03	 1.408378e+00	-2.282885e-03
 4.000000e+00	 7.000000e+00	 6.548020e-03	-1.797578e+00	-1.886464e-03
 4.000000e+00	 8.000000e+00	 4.724354e-03	 1.627568e+00	-1.170848e-03
 4.000000e+00	 9.000000e+00	 5.079663e-03	-1.398002e+00	-2.537715e-03
 4.000000e+00	 1.000000e+01	 7.208270e-03	 1.361524e+00	-1.428323e-03
 5.000000e+00	 0.000000e+00	 7.711523e-03	-1.750761e+00	-1.781088e-03
 5.000000e+00	 1.000000e+00	 5.273284e-03	 1.754938e+00	-2.333440e-03
 5.000000e+00	 2.000000e+00	 4.909276e-03	-1.513723e+00	-1.208243e-03
 5.000000e+00	 3.000000e+00	 7.056709e-03	 1.406379e+00	-2.165181e-03
 5.000000e+00	 4.000000e+00	 5.837382e-03	-1.714941e+00	-2.133537e-03
 5.000000e+00	 5.000000e+00	 5.706610e-03	 1.585496e+00	-1.274072e-03
 5.000000e+00	 6.000000e+00	 6.288746e-03	-1.713600e+00	-2.706222e-03
 5.000000e+00	 7.000000e+00	 5.861687e-03	 1.476210e+00	-2.764935e-03
 5.000000e+00	 8.000000e+00	 5.921717e-03	-1.495181e+00	-6.450634e-04
 5.000000e+00	 9.000000e+00	 5.841369e-03	 1.341765e+00	-1.201046e-03
 5.000000e+00	 1.000000e+01	 6.412536e-03	-1.551503e+00	-2.045852e-03
 6.000000e+00	 0.000000e+00	 6.935969e-03	 1.632404e+00	-1.910759e-03
 6.000000e+00	 1.000000e+00	 6.151787e-03	-1.771640e+00	-1.299096e-03
 6.000000e+00	 2.000000e+00	 6.050438e-03	 1.661454e+00	-6.906715e-04
 6.000000e+00	 3.000000e+00	 6.189178e-03	-1.618707e+00	-2.730116e-03
 6.000000e+00	 4.000000e+00	 6.696337e-03	 1.460146e+00	-2.681275e-03
 6.000000e+00	 5.000000e+00	 5.861102e-03	-1.537852e+00	-1.315208e-03
 6.000000e+00	 6.000000e+00	 6.130853e-03	 1.487663e+00	-2.192112e-03
 6.000000e+00	 7.000000e+00	 7.422269e-03	-1.706071e+00	-2.207947e-03
 6.000000e+00	 8.000000e+00	 5.055522e-03	 1.627951e+00	-1.243184e-03
 6.000000e+00	 9.000000e+00	 5.594894e-03	-1.371582e+00	-2.291290e-03
 6.000000e+00	 1.000000e+01	 7.950847e-03	 1.403309e+00	-1.920918e-03
 7.000000e+00	 0.000000e+00	 8.217831e-03	-1.698175e+00	-2.082159e-03
 7.000000e+00	 1.000000e+00	 6.160497e-03	 1.792660e+00	-2.294273e-03
 7.000000e+00	 2.000000e+00	 5.255873e-03	-1.503770e+00	-1.282004e-03
 7.000000e+00	 3.000000e+00	 7.527738e-03	 1.454136e+00	-2.126455e-03
 7.000000e+00	 4.000000e+00	 6.666033e-03	-1.585063e+00	-2.391985e-03
 7.000000e+00	 5.000000e+00	 6.034928e-03	 1.623263e+00	-1.329724e-03
 7.000000e+00	 6.000000e+00	 6.843502e-03	-1.648537e+00	-2.475223e-03
 7.000000e+00	 7.000000e+00	 6.740662e-03	 1.563419e+00	-2.888909e-03
 7.000000e+00	 8.000000e+00	 6.185123e-03	-1.474391e+00	-7.289053e-04
 7.000000e+00	 9.000000e+00	 6.366123e-03	 1.388508e+00	-1.302482e-03
 7.000000e+00	 1.000000e+01	 7.294307e-03	-1.476679e+00	-1.889645e-03
 8.000000e+00	 0.000000e+00	 7.751084e-03	 1.688958e+00	-1.752325e-03
 8.000000e+00	 1.000000e+00	 6.703642e-03	-1.711514e+00	-1.519611e-03
 8.000000e+00	 2.000000e+00	 6.408011e-03	 1.683526e+00	-7.841924e-04
 8.000000e+00	 3.000000e+00	 7.191830e-03	-1.561984e+00	-2.851701e-03
 8.000000e+00	 4.000000e+00	 7.041019e-03	 1.535102e+00	-2.479584e-03
 8.000000e+00	 5.000000e+00	 6.219930e-03	-1.504414e+00	-1.394433e-03
 8.000000e+00	 6.000000e+00	 7.037415e-03	 1.583608e+00	-2.399427e-03
 8.000000e+00	 7.000000e+00	 7.826910e-03	-1.645629e+00	-2.249328e-03
 8.000000e+00	 8.000000e+00	 5.448937e-03	 1.631385e+00	-1.338812e-03
 8.000000e+00	 9.000000e+00	 6.560541e-03	-1.349279e+00	-2.265259e-03
 8.000000e+00	 1.000000e+01	 8.425310e-03	 1.462406e+00	-2.135965e-03
 9.000000e+00	 0.000000e+00	 8.844381e-03	-1.654733e+00	-2.385486e-03
 9.000000e+00	 1.000000e+00	 6.882953e-03	 1.802557e+00	-2.085412e-03
 9.000000e+00	 2.000000e+00	 5.721596e-03	-1.504941e+00	-1.421441e-03
 9.000000e+00	 3.000000e+00	 8.294287e-03	 1.550348e+00	-2.572180e-03
 9.000000e+00	 4.000000e+00	 7.154076e-03	-1.556070e+00	-2.215819e-03
 9.000000e+00	 5.000000e+00	 6.407184e-03	 1.649840e+00	-1.424893e-03
 9.000000e+00	 6.000000e+00	 7.507819e-03	-1.576480e+00	-2.740731e-03
 9.000000e+00	 7.000000e+00	 7.425888e-03	 1.594781e+00	-2.645363e-03
 9.000000e+00	 8.000000e+00	 6.536815e-03	-1.458976e+00	-8.545812e-04
 9.000000e+00	 9.000000e+00	 7.144071e-03	 1.453836e+00	-1.830222e-03
 9.000000e+00	 1.000000e+01	 8.012657e-03	-1.445297e+00	-1.709824e-03
 1.000000e+01	 0.000000e+00	 8.468542e-03	 1.710648e+00	-1.642536e-03
 1.000000e+01	 1.000000e+00	 7.539420e-03	-1.656467e+00	-1.982725e-03
 1.000000e+01	 2.000000e+00	 6.704299e-03	 1.692177e+00	-8.772616e-04
 1.000000e+01	 3.000000e+00	 7.736843e-03	-1.510892e+00	-2.515052e-03
 1.000000e+01	 4.000000e+00	 7.992774e-03	 1.586867e+00	-2.867773e-03
 1.000000e+01	 5.000000e+00	 6.544885e-03	-1.482280e+00	-1.436334e-03
 1.000000e+01	 6.000000e+00	 7.372715e-03	 1.602300e+00	-2.155038e-03
 1.000000e+01	 7.000000e+00	 8.670503e-03	-1.557225e+00	-2.696540e-03
 1.000000e+01	 8.000000e+00	 5.864440e-03	 1.632206e+00	-1.447476e-03
 1.000000e+01	 9.000000e+00	 7.174478e-03	-1.333582e+00	-1.915398e-03
 1.000000e+01	 1.000000e+01	 9.226900e-03	 1.495621e+00	-2.524234e-03
 1.100000e+01	 0.000000e+00	 9.573794e-03	-1.620498e+00	-2.571775e-03
 1.100000e+01	 1.000000e+00	 7.666453e-03	 1.828886e+00	-1.852879e-03
 1.100000e+01	 2.000000e+00	 6.053279e-03	-1.501427e+00	-1.450049e-03
 1.100000e+01	 3.000000e+00	 8.847701e-03	 1.592778e+00	-2.573217e-03
 1.100000e+01	 4.000000e+00	 7.991475e-03	-1.479726e+00	-2.327130e-03
 1.100000e+01	 5.000000e+00	 6.610232e-03	 1.667494e+00	-1.445475e-03
 1.100000e+01	 6.000000e+00	 8.183598e-03	-1.545190e+00	-2.698555e-03
 1.100000e+01	 7.000000e+00	 8.261645e-03	 1.669788e+00	-2.559947e-03
 1.100000e+01	 8.000000e+00	 6.717308e-03	-1.444699e+00	-8.710446e-04
 1.100000e+01	 9.000000e+00	 7.737075e-03	 1.507562e+00	-2.023769e-03
 1.100000e+01	 1.000000e+01	 8.978278e-03	-1.409470e+00	-1.673037e-03
 1.200000e+01	 0.000000e+00	 9.506015e-03	 1.751055e+00	-1.613356e-03
 1.200000e+01	 1.000000e+00	 7.959571e-03	-1.613448e+00	-2.091763e-03
 1.200000e+01	 2.000000e+00	 6.835350e-03	 1.708100e+00	-9.210336e-04
 1.200000e+01	 3.000000e+00	 8.838206e-03	-1.455391e+00	-2.576134e-03
 1.200000e+01	 4.000000e+00	 8.343949e-03	 1.626955e+00	-2.626327e-03
 1.200000e+01	 5.000000e+00	 6.730974e-03	-1.464013e+00	-1.428888e-03
 1.200000e+01	 6.000000e+00	 8.526398e-03	 1.698376e+00	-2.417074e-03
 1.200000e+01	 7.000000e+00	 9.032978e-03	-1.532938e+00	-2.610557e-03
 1.200000e+01	 8.000000e+00	 6.129736e-03	 1.638568e+00	-1.447189e-03
 1.200000e+01	 9.000000e+00	 8.121660e-03	-1.306036e+00	-1.828810e-03
 1.200000e+01	 1.000000e+01	 9.866417e-03	 1.544502e+00	-2.641773e-03
 1.300000e+01	 0.000000e+00	 1.019427e-02	-1.577728e+00	-2.789343e-03
 1.300000e+01	 1.000000e+00	 8.455861e-03	 1.827785e+00	-1.726051e-03
 1.300000e+01	 2.000000e+00	 6.371265e-03	-1.502488e+00	-1.488830e-03
 1.300000e+01	 3.000000e+00	 9.518704e-03	 1.649024e+00	-2.915570e-03
 1.300000e+01	 4.000000e+00	 8.671105e-03	-1.446558e+00	-2.229049e-03
 1.300000e+01	 5.000000e+00	 6.907385e-03	 1.685360e+00	-1.486989e-03
 1.300000e+01	 6.000000e+00	 8.748015e-03	-1.473288e+00	-2.806227e-03
 1.300000e+01	 7.000000e+00	 9.181149e-03	 1.683148e+00	-2.384736e-03
 1.300000e+01	 8.000000e+00	 6.881943e-03	-1.437609e+00	-9.886099e-04
 1.300000e+01	 9.000000e+00	 8.366608e-03	 1.548035e+00	-2.368811e-03
 1.300000e+01	 1.000000e+01	 9.826792e-03	-1.379884e+00	-1.491081e-03
 1.400000e+01	 0.000000e+00	 1.013180e-02	 1.760946e+00	-1.436087e-03
 1.400000e+01	 1.000000e+00	 8.833666e-03	-1.574022e+00	-2.648140e-03
 1.400000e+01	 2.000000e+00	 7.018234e-03	 1.700690e+00	-1.049048e-03
 1.400000e+01	 3.000000e+00	 9.436376e-03	-1.444744e+00	-2.234925e-03
 1.400000e+01	 4.000000e+00	 9.207701e-03	 1.686339e+00	-2.979086e-03
 1.400000e+01	 5.000000e+00	 7.061048e-03	-1.448524e+00	-1.468101e-03
 1.400000e+01	 6.000000e+00	 8.771118e-03	 1.693321e+00	-2.113985e-03
 1.400000e+01	 7.000000e+00	 1.002985e-02	-1.456413e+00	-3.157557e-03
 1.400000e+01	 8.000000e+00	 6.585012e-03	 1.638628e+00	-1.448331e-03
 1.400000e+01	 9.000000e+00	 8.769235e-03	-1.314092e+00	-1.574004e-03
 1.400000e+01	 1.000000e+01	 1.046947e-02	 1.580502e+00	-2.914680e-03
 1.500000e+01	 0.000000e+00	 1.073274e-02	-1.559209e+00	-2.878809e-03
 1.500000e+01	 1.000000e+00	 9.215507e-03	 1.847226e+00	-1.409742e-03
 1.500000e+01	 2.000000e+00	 6.724193e-03	-1.503558e+00	-1.412944e-03
 1.500000e+01	 3.000000e+00	 1.024770e-02	 1.693497e+00	-3.033970e-03
 1.500000e+01	 4.000000e+00	 9.259132e-03	-1.412622e+00	-2.264792e-03
 1.500000e+01	 5.000000e+00	 7.123541e-03	 1.702260e+00	-1.489172e-03
 1.500000e+01	 6.000000e+00	 9.432609e-03	-1.462256e+00	-2.781607e-03
 1.500000e+01	 7.000000e+00	 9.971999e-03	 1.737900e+00	-2.271049e-03
 1.500000e+01	 8.000000e+00	 7.134032e-03	-1.433865e+00	-1.129440e-03
 1.500000e+01	 9.000000e+00	 9.046928e-03	 1.586738e+00	-2.732401e-03
 1.500000e+01	 1.000000e+01	 1.053377e-02	-1.373860e+00	-1.398565e-03
 1.600000e+01	 0.000000e+00	 1.100272e-02	 1.773324e+00	-1.421893e-03
 1.600000e+01	 1.000000e+00	 9.156680e-03	-1.543005e+00	-2.769769e-03
 1.600000e+01	 2.000000e+00	 7.118996e-03	 1.705498e+00	-1.148913e-03
 1.600000e+01	 3.000000e+00	 1.060639e-02	-1.376434e+00	-2.330633e-03
 1.600000e+01	 4.000000e+00	 9.572173e-03	 1.687383e+00	-2.565837e-03
 1.600000e+01	 5.000000e+00	 7.207514e-03	-1.434627e+00	-1.425843e-03
 1.600000e+01	 6.000000e+00	 9.868196e-03	 1.761375e+00	-2.464378e-03
 1.600000e+01	 7.000000e+00	 1.036597e-02	-1.445455e+00	-2.884743e-03
 1.600000e+01	 8.000000e+00	 6.920208e-03	 1.645902e+00	-1.326638e-03
 1.600000e+01	 9.000000e+00	 9.635549e-03	-1.276937e+00	-1.262394e-03
 1.600000e+01	 1.000000e+01	 1.100947e-02	 1.591097e+00	-2.864788e-03
 1.700000e+01	 0.000000e+00	 1.122217e-02	-1.535781e+00	-2.974388e-03
 1.700000e+01	 1.000000e+00	 9.873491e-03	 1.849072e+00	-1.086051e-03
 1.700000e+01	 2.000000e+00	 7.009812e-03	-1.497495e+00	-1.291640e-03
 1.700000e+01	 3.000000e+00	 1.074821e-02	 1.719935e+00	-3.111194e-03
 1.700000e+01	 4.000000e+00	 1.012879e-02	-1.382303e+00	-2.377302e-03
 1.700000e+01	 5.000000e+00	 7.352647e-03	 1.705375e+00	-1.492821e-03
 1.700000e+01	 6.000000e+00	 9.955680e-03	-1.417531e+00	-2.610825e-03
 1.700000e+01	 7.000000e+00	 1.092763e-02	 1.761751e+00	-2.128501e-03
 1.700000e+01	 8.000000e+00	 7.229413e-03	-1.436271e+00	-1.217955e-03
 1.700000e+01	 9.000000e+00	 9.403470e-03	 1.609213e+00	-2.898323e-03
 1.700000e+01	 1.000000e+01	 1.140068e-02	-1.364389e+00	-1.343200e-03
 1.800000e+01	 0.000000e+00	 1.158910e-02	 1.779476e+00	-1.221071e-03
 1.800000e+01	 1.000000e+00	 9.760069e-03	-1.528255e+00	-3.246433e-03
 1.800000e+01	 2.000000e+00	 7.286955e-03	 1.700730e+00	-1.293363e-03
 1.800000e+01	 3.000000e+00	 1.103529e-02	-1.387944e+00	-1.950756e-03
 1.800000e+01	 4.000000e+00	 1.041059e-02	 1.756409e+00	-2.799191e-03
 1.800000e+01	 5.000000e+00	 7.558822e-03	-1.437755e+00	-1.478333e-03
 1.800000e+01	 6.000000e+00	 1.020360e-02	 1.755673e+00	-2.284505e-03
 1.800000e+01	 7.000000e+00	 1.122840e-02	-1.389607e+00	-3.381594e-03
 1.800000e+01	 8.000000e+00	 7.200906e-03	 1.643209e+00	-1.247366e-03
 1.800000e+01	 9.000000e+00	 1.007198e-02	-1.308629e+00	-9.633545e-04
 1.800000e+01	 1.000000e+01	 1.154995e-02	 1.625070e+00	-3.056710e-03
 1.900000e+01	 0.000000e+00	 1.166356e-02	-1.512402e+00	-2.994257e-03
 1.900000e+01	 1.000000e+00	 1.037857e-02	 1.844346e+00	-7.525795e-04
 1.900000e+01	 2.000000e+00	 7.351205e-03	-1.495681e+00	-1.186381e-03
 1.900000e+01	 3.000000e+00	 1.142446e-02	 1.757257e+00	-3.341228e-03
 1.900000e+01	 4.000000e+00	 1.049886e-02	-1.363589e+00	-2.322892e-03
 1.900000e+01	 5.000000e+00	 7.709800e-03	 1.705403e+00	-1.459103e-03
 1.900000e+01	 6.000000e+00	 1.069976e-02	-1.380953e+00	-2.631932e-03
 1.900000e+01	 7.000000e+00	 1.140969e-02	 1.778735e+00	-1.978860e-03
 1.900000e+01	 8.000000e+00	 7.350891e-03	-1.444183e+00	-1.346818e-03
 1.900000e+01	 9.000000e+00	 1.007936e-02	 1.613918e+00	-3.340245e-03
 1.900000e+01	 1.000000e+01	 1.194769e-02	-1.361277e+00	-1.158782e-03
 2.000000e+01	 0.000000e+00	 1.220920e-02	 1.790744e+00	-1.176990e-03
 2.000000e+01	 1.000000e+00	 1.011766e-02	-1.522446e+00	-3.306154e-03
 2.000000e+01	 2.000000e+00	 7.370817e-03	 1.697877e+00	-1.318262e-03
 2.000000e+01	 3.000000e+00	 1.197025e-02	-1.325731e+00	-2.055455e-03
 2.000000e+01	 4.000000e+00	 1.077267e-02	 1.747063e+00	-2.325769e-03
 2.000000e+01	 5.000000e+00	 7.770602e-03	-1.435847e+00	-1.423766e-03
 2.000000e+01	 6.000000e+00	 1.107045e-02	 1.812253e+00	-2.550097e-03
 2.000000e+01	 7.000000e+00	 1.154095e-02	-1.392368e+00	-3.093595e-03
 2.000000e+01	 8.000000e+00	 7.478308e-03	 1.648213e+00	-1.039775e-03
 2.000000e+01	 9.000000e+00	 1.078545e-02	-1.278160e+00	-5.649492e-04
 2.000000e+01	 1.000000e+01	 1.199169e-02	 1.625456e+00	-2.834650e-03
 2.100000e+01	 0.000000e+00	 1.211075e-02	-1.504743e+00	-2.850554e-03
 2.100000e+01	 1.000000e+00	 1.089461e-02	 1.859570e+00	-3.920078e-04
 2.100000e+01	 2.000000e+00	 7.542239e-03	-1.489774e+00	-9.951841e-04
 2.100000e+01	 3.000000e+00	 1.174566e-02	 1.768628e+00	-3.184217e-03
 2.100000e+01	 4.000000e+00	 1.141167e-02	-1.330866e+00	-2.574426e-03
 2.100000e+01	 5.000000e+00	 7.833360e-03	 1.703296e+00	-1.383905e-03
 2.100000e+01	 6.000000e+00	 1.103855e-02	-1.378483e+00	-2.265310e-03
 2.100000e+01	 7.000000e+00	 1.228357e-02	 1.822309e+00	-1.956311e-03
 2.100000e+01	 8.000000e+00	 7.444363e-03	-1.451810e+00	-1.374168e-03
 2.100000e+01	 9.000000e+00	 1.028829e-02	 1.625826e+00	-3.355225e-03
 2.100000e+01	 1.000000e+01	 1.259085e-02	-1.353454e+00	-1.252660e-03
 2.200000e+01	 0.000000e+00	 1.268660e-02	 1.791757e+00	-1.185412e-03
 2.200000e+01	 1.000000e+00	 1.047378e-02	-1.503493e+00	-3.588056e-03
 2.200000e+01	 2.000000e+00	 7.487235e-03	 1.687365e+00	-1.430828e-03
 2.200000e+01	 3.000000e+00	 1.230547e-02	-1.331183e+00	-1.662382e-03
 2.200000e+01	 4.000000e+00	 1.146905e-02	 1.799760e+00	-2.511827e-03
 2.200000e+01	 5.000000e+00	 7.962625e-03	-1.439473e+00	-1.385250e-03
 2.200000e+01	 6.000000e+00	 1.142569e-02	 1.794081e+00	-2.506158e-03
 2.200000e+01	 7.000000e+00	 1.208372e-02	-1.345569e+00	-3.425994e-03
 2.200000e+01	 8.000000e+00	 7.743751e-03	 1.641869e+00	-9.756007e-04
 2.200000e+01	 9.000000e+00	 1.099541e-02	-1.310310e+00	-2.998488e-04
 2.200000e+01	 1.000000e+01	 1.244620e-02	 1.657646e+00	-2.860870e-03
 2.300000e+01	 0.000000e+00	 1.248815e-02	-1.468784e+00	-2.775914e-03
 2.300000e+01	 1.000000e+00	 1.115482e-02	 1.832086e+00	-1.379539e-04
 2.300000e+01	 2.000000e+00	 7.827334e-03	-1.495605e+00	-8.760888e-04
 2.300000e+01	 3.000000e+00	 1.228210e-02	 1.803134e+00	-3.474967e-03
 2.300000e+01	 4.000000e+00	 1.150658e-02	-1.328859e+00	-2.475413e-03
 2.300000e+01	 5.000000e+00	 8.125435e-03	 1.698058e+00	-1.357737e-03
 2.300000e+01	 6.000000e+00	 1.178053e-02	-1.327445e+00	-2.424681e-03
 2.300000e+01	 7.000000e+00	 1.238127e-02	 1.813536e+00	-1.563302e-03
 2.300000e+01	 8.000000e+00	 7.617886e-03	-1.471206e+00	-1.438815e-03
 2.300000e+01	 9.000000e+00	 1.080539e-02	 1.637665e+00	-3.688822e-03
 2.300000e+01	 1.000000e+01	 1.291600e-02	-1.348170e+00	-1.178203e-03
 2.400000e+01	 0.000000e+00	 1.304758e-02	 1.807409e+00	-1.109207e-03
 2.400000e+01	 1.000000e+00	 1.088553e-02	-1.506856e+00	-3.610367e-03
 2.400000e+01	 2.000000e+00	 7.564062e-03	 1.668405e+00	-1.438143e-03
 2.400000e+01	 3.000000e+00	 1.276628e-02	-1.291535e+00	-1.681088e-03
 2.400000e+01	 4.000000e+00	 1.174456e-02	 1.800776e+00	-2.028565e-03
 2.400000e+01	 5.000000e+00	 8.206795e-03	-1.442870e+00	-1.334134e-03
 2.400000e+01	 6.000000e+00	 1.190431e-02	 1.852785e+00	-2.623121e-03
 2.400000e+01	 7.000000e+00	 1.238993e-02	-1.355716e+00	-3.222893e-03
 2.400000e+01	 8.000000e+00	 7.909373e-03	 1.638568e+00	-7.392249e-04
 2.400000e+01	 9.000000e+00	 1.153545e-02	-1.288139e+00	 3.095032e-05
 2.400000e+01	 1.000000e+01	 1.264986e-02	 1.667049e+00	-2.565777e-03
 2.500000e+01	 0.000000e+00	 1.275611e-02	-1.469898e+00	-2.483423e-03
 2.500000e+01	 1.000000e+00	 1.167387e-02	 1.863667e+00	 2.078748e-04
 2.500000e+01	 2.000000e+00	 7.826491e-03	-1.505059e+00	-6.410928e-04
 2.500000e+01	 3.000000e+00	 1.249527e-02	 1.795393e+00	-3.128911e-03
 2.500000e+01	 4.000000e+00	 1.214595e-02	-1.275072e+00	-2.727710e-03
 2.500000e+01	 5.000000e+00	 8.237161e-03	 1.701177e+00	-1.242679e-03
 2.500000e+01	 6.000000e+00	 1.182772e-02	-1.339933e+00	-1.842334e-03
 2.500000e+01	 7.000000e+00	 1.320294e-02	 1.867263e+00	-1.746404e-03
 2.500000e+01	 8.000000e+00	 7.561232e-03	-1.489724e+00	-1.434423e-03
 2.500000e+01	 9.000000e+00	 1.094968e-02	 1.636069e+00	-3.692117e-03
 2.500000e+01	 1.000000e+01	 1.328726e-02	-1.336624e+00	-1.144262e-03
 2.600000e+01	 0.000000e+00	 1.340928e-02	 1.796294e+00	-1.077980e-03
 2.600000e+01	 1.000000e+00	 1.100440e-02	-1.486557e+00	-3.922837e-03
 2.600000e+01	 2.000000e+00	 7.499881e-03	 1.639379e+00	-1.423308e-03
 2.600000e+01	 3.000000e+00	 1.317562e-02	-1.284697e+00	-1.488853e-03
 2.600000e+01	 4.000000e+00	 1.214501e-02	 1.833825e+00	-2.020574e-03
 2.600000e+01	 5.000000e+00	 8.283742e-03	-1.436844e+00	-1.256365e-03
 2.600000e+01	 6.000000e+00	 1.209785e-02	 1.838589e+00	-2.695628e-03
 2.600000e+01	 7.000000e+00	 1.277903e-02	-1.312357e+00	-3.351303e-03
 2.600000e+01	 8.000000e+00	 7.868174e-03	 1.625033e+00	-5.408805e-04
 2.600000e+01	 9.000000e+00	 1.170439e-02	-1.301450e+00	 4.304403e-04
 2.600000e+01	 1.000000e+01	 1.296707e-02	 1.683109e+00	-2.523418e-03
 2.700000e+01	 0.000000e+00	 1.304723e-02	-1.448189e+00	-2.559777e-03
 2.700000e+01	 1.000000e+00	 1.167453e-02	 1.836046e+00	 6.089019e-04
 2.700000e+01	 2.000000e+00	 7.871144e-03	-1.524466e+00	-4.574166e-04
 2.700000e+01	 3.000000e+00	 1.292900e-02	 1.841330e+00	-3.457932e-03
 2.700000e+01	 4.000000e+00	 1.205561e-02	-1.304280e+00	-2.693655e-03
 2.700000e+01	 5.000000e+00	 8.390107e-03	 1.706894e+00	-1.234364e-03
 2.700000e+01	 6.000000e+00	 1.241903e-02	-1.283361e+00	-2.065038e-03
 2.700000e+01	 7.000000e+00	 1.305727e-02	 1.853164e+00	-1.249637e-03
 2.700000e+01	 8.000000e+00	 7.546565e-03	-1.520224e+00	-1.463993e-03
 2.700000e+01	 9.000000e+00	 1.119125e-02	 1.658983e+00	-4.144425e-03
 2.700000e+01	 1.000000e+01	 1.346798e-02	-1.344089e+00	-1.092544e-03
 2.800000e+01	 0.000000e+00	 1.343345e-02	 1.813850e+00	-1.026904e-03
 2.800000e+01	 1.000000e+00	 1.126600e-02	-1.491673e+00	-4.022055e-03
 2.800000e+01	 2.000000e+00	 7.548497e-03	 1.608492e+00	-1.445387e-03
 2.800000e+01	 3.000000e+00	 1.322731e-02	-1.261202e+00	-1.285323e-03
 2.800000e+01	 4.000000e+00	 1.243753e-02	 1.852360e+00	-1.675782e-03
 2.800000e+01	 5.000000e+00	 8.429483e-03	-1.427970e+00	-1.178118e-03
 2.800000e+01	 6.000000e+00	 1.220574e-02	 1.879807e+00	-2.793313e-03
 2.800000e+01	 7.000000e+00	 1.289406e-02	-1.317939e+00	-3.305943e-03
 2.800000e+01	 8.000000e+00	 7.856932e-03	 1.616429e+00	-3.331537e-04
 2.800000e+01	 9.000000e+00	 1.188562e-02	-1.284249e+00	 8.003116e-04
 2.800000e+01	 1.000000e+01	 1.312341e-02	 1.696778e+00	-2.375671e-03
 2.900000e+01	 0.000000e+00	 1.306026e-02	-1.440905e+00	-2.222136e-03
 2.900000e+01	 1.000000e+00	 1.204255e-02	 1.871780e+00	 9.972715e-04
 2.900000e+01	 2.000000e+00	 7.854362e-03	-1.530709e+00	-1.693610e-04
 2.900000e+01	 3.000000e+00	 1.298410e-02	 1.817337e+00	-3.098978e-03
 2.900000e+01	 4.000000e+00	 1.240807e-02	-1.231359e+00	-2.905333e-03
 2.900000e+01	 5.000000e+00	 8.382202e-03	 1.717074e+00	-1.125286e-03
 2.900000e+01	 6.000000e+00	 1.222813e-02	-1.294584e+00	-1.356168e-03
 2.900000e+01	 7.000000e+00	 1.356917e-02	 1.909557e+00	-1.328843e-03
 2.900000e+01	 8.000000e+00	 7.479367e-03	-1.537456e+00	-1.392712e-03
 2.900000e+01	 9.000000e+00	 1.119434e-02	 1.646737e+00	-4.004183e-03
 2.900000e+01	 1.000000e+01	 1.351726e-02	-1.319174e+00	-9.071452e-04
 3.000000e+01	 0.000000e+00	 1.346782e-02	 1.815258e+00	-8.445429e-04
 3.000000e+01	 1.000000e+00	 1.117927e-02	-1.480445e+00	-4.278382e-03
 3.000000e+01	 2.000000e+00	 7.462952e-03	 1.592448e+00	-1.432908e-03
 3.000000e+01	 3.000000e+00	 1.359986e-02	-1.240487e+00	-1.226763e-03
 3.000000e+01	 4.000000e+00	 1.230412e-02	 1.875520e+00	-1.456175e-03
 3.000000e+01	 5.000000e+00	 8.341004e-03	-1.422996e+00	-1.069708e-03
 3.000000e+01	 6.000000e+00	 1.230899e-02	 1.890545e+00	-2.815299e-03
 3.000000e+01	 7.000000e+00	 1.313446e-02	-1.290220e+00	-3.306776e-03
 3.000000e+01	 8.000000e+00	 7.760516e-03	 1.610561e+00	-8.178035e-05
 3.000000e+01	 9.000000e+00	 1.194747e-02	-1.278633e+00	 1.186757e-03
 3.000000e+01	 1.000000e+01	 1.308720e-02	 1.711403e+00	-2.330412e-03
 3.100000e+01	 0.000000e+00	 1.317196e-02	-1.424200e+00	-2.409086e-03
 3.100000e+01	 1.000000e+00	 1.181444e-02	 1.853448e+00	 1.315961e-03
 3.100000e+01	 2.000000e+00	 7.733017e-03	-1.534894e+00	-6.356404e-05
 3.100000e+01	 3.000000e+00	 1.318776e-02	 1.881173e+00	-3.548529e-03
 3.100000e+01	 4.000000e+00	 1.213820e-02	-1.273066e+00	-2.691004e-03
 3.100000e+01	 5.000000e+00	 8.348669e-03	 1.718370e+00	-1.057071e-03
 3.100000e+01	 6.000000e+00	 1.252358e-02	-1.231255e+00	-1.675973e-03
 3.100000e+01	 7.000000e+00	 1.333488e-02	 1.896510e+00	-9.614686e-04
 3.100000e+01	 8.000000e+00	 7.471531e-03	-1.556419e+00	-1.499228e-03
 3.100000e+01	 9.000000e+00	 1.118294e-02	 1.677437e+00	-4.568821e-03
 3.100000e+01	 1.000000e+01	 1.331172e-02	-1.325484e+00	-7.428672e-04
 3.200000e+01	 0.000000e+00	 1.330566e-02	 1.826223e+00	-7.788819e-04
 3.200000e+01	 1.000000e+00	 1.117443e-02	-1.464025e+00	-4.451612e-03
 3.200000e+01	 2.000000e+00	 7.446849e-03	 1.583867e+00	-1.441864e-03
 3.200000e+01	 3.000000e+00	 1.318676e-02	-1.216184e+00	-8.281404e-04
 3.200000e+01	 4.000000e+00	 1.250072e-02	 1.911067e+00	-1.504885e-03
 3.200000e+01	 5.000000e+00	 8.343344e-03	-1.420477e+00	-9.883641e-04
 3.200000e+01	 6.000000e+00	 1.220669e-02	 1.902513e+00	-2.791218e-03
 3.200000e+01	 7.000000e+00	 1.303162e-02	-1.266411e+00	-3.443223e-03
 3.200000e+01	 8.000000e+00	 7.695037e-03	 1.614236e+00	 7.237703e-05
 3.200000e+01	 9.000000e+00	 1.174122e-02	-1.270307e+00	 1.520980e-03
 3.200000e+01	 1.000000e+01	 1.304616e-02	 1.732536e+00	-2.352171e-03
 3.300000e+01	 0.000000e+00	 1.303874e-02	-1.402618e+00	-2.198457e-03
 3.300000e+01	 1.000000e+00	 1.175136e-02	 1.890190e+00	 1.630697e-03
 3.300000e+01	 2.000000e+00	 7.602239e-03	-1.522760e+00	 1.790906e-04
 3.300000e+01	 3.000000e+00	 1.284196e-02	 1.861429e+00	-3.318314e-03
 3.300000e+01	 4.000000e+00	 1.231940e-02	-1.188738e+00	-2.903823e-03
 3.300000e+01	 5.000000e+00	 8.246851e-03	 1.726672e+00	-9.594376e-04
 3.300000e+01	 6.000000e+00	 1.232473e-02	-1.240631e+00	-1.117939e-03
 3.300000e+01	 7.000000e+00	 1.333250e-02	 1.967373e+00	-7.552008e-04
 3.300000e+01	 8.000000e+00	 7.378606e-03	-1.553880e+00	-1.397368e-03
 3.300000e+01	 9.000000e+00	 1.098677e-02	 1.668511e+00	-4.251864e-03
 3.300000e+01	 1.000000e+01	 1.313496e-02	-1.288388e+00	-6.443315e-04
 3.400000e+01	 0.000000e+00	 1.305486e-02	 1.858071e+00	-6.016637e-04
 3.400000e+01	 1.000000e+00	 1.083033e-02	-1.464863e+00	-4.413428e-03
 3.400000e+01	 2.000000e+00	 7.330942e-03	 1.583816e+00	-1.422187e-03
 3.400000e+01	 3.000000e+00	 1.337017e-02	-1.167634e+00	-6.702883e-04
 3.400000e+01	 4.000000e+00	 1.215114e-02	 1.926565e+00	-1.133290e-03
 3.400000e+01	 5.000000e+00	 8.088311e-03	-1.405029e+00	-8.740560e-04
 3.400000e+01	 6.000000e+00	 1.224338e-02	 1.952855e+00	-2.826639e-03
 3.400000e+01	 7.000000e+00	 1.282338e-02	-1.252460e+00	-3.514539e-03
 3.400000e+01	 8.000000e+00	 7.452734e-03	 1.629210e+00	 2.319925e-04
 3.400000e+01	 9.000000e+00	 1.156054e-02	-1.251144e+00	 1.727756e-03
 3.400000e+01	 1.000000e+01	 1.282371e-02	 1.757167e+00	-2.239799e-03
 3.500000e+01	 0.000000e+00	 1.266115e-02	-1.372278e+00	-2.353504e-03
 3.500000e+01	 1.000000e+00	 1.142309e-02	 1.881674e+00	 1.887595e-03
 3.500000e+01	 2.000000e+00	 7.410490e-03	-1.510260e+00	 2.849311e-04
 3.500000e+01	 3.000000e+00	 1.286482e-02	 1.940206e+00	-3.867173e-03
 3.500000e+01	 4.000000e+00	 1.193894e-02	-1.218026e+00	-2.633378e-03
 3.500000e+01	 5.000000e+00	 7.965315e-03	 1.743784e+00	-9.167693e-04
 3.500000e+01	 6.000000e+00	 1.219072e-02	-1.165306e+00	-1.468072e-03
 3.500000e+01	 7.000000e+00	 1.306851e-02	 1.966495e+00	-4.318845e-04
 3.500000e+01	 8.000000e+00	 7.222050e-03	-1.549701e+00	-1.434272e-03
 3.500000e+01	 9.000000e+00	 1.067128e-02	 1.705011e+00	-4.742283e-03
 3.500000e+01	 1.000000e+01	 1.275782e-02	-1.289543e+00	-4.206898e-04
 3.600000e+01	 0.000000e+00	 1.251730e-02	 1.862146e+00	-3.369535e-04
 3.600000e+01	 1.000000e+00	 1.055003e-02	-1.429994e+00	-4.840748e-03
 3.600000e+01	 2.000000e+00	 7.239423e-03	 1.593574e+00	-1.431003e-03
 3.600000e+01	 3.000000e+00	 1.279623e-02	-1.145817e+00	-3.418607e-04
 3.600000e+01	 4.000000e+00	 1.216416e-02	 1.986839e+00	-1.451413e-03
 3.600000e+01	 5.000000e+00	 7.892468e-03	-1.384681e+00	-8.476750e-04
 3.600000e+01	 6.000000e+00	 1.171644e-02	 1.949734e+00	-2.589647e-03
 3.600000e+01	 7.000000e+00	 1.267125e-02	-1.182195e+00	-3.869857e-03
 3.600000e+01	 8.000000e+00	 7.281395e-03	 1.646855e+00	 3.573729e-04
 3.600000e+01	 9.000000e+00	 1.117775e-02	-1.242087e+00	 2.071699e-03
 3.600000e+01	 1.000000e+01	 1.244960e-02	 1.777658e+00	-2.346310e-03
 3.700000e+01	 0.000000e+00	 1.223670e-02	-1.354608e+00	-2.347490e-03
 3.700000e+01	 1.000000e+00	 1.102087e-02	 1.931677e+00	 2.206869e-03
 3.700000e+01	 2.000000e+00	 7.199608e-03	-1.485062e+00	 4.197954e-04
 3.700000e+01	 3.000000e+00	 1.236004e-02	 1.945949e+00	-3.662464e-03
 3.700000e+01	 4.000000e+00	 1.175078e-02	-1.129159e+00	-2.718732e-03
 3.700000e+01	 5.000000e+00	 7.754819e-03	 1.775001e+00	-8.186544e-04
 3.700000e+01	 6.000000e+00	 1.184646e-02	-1.165312e+00	-1.131258e-03
 3.700000e+01	 7.000000e+00	 1.274040e-02	 2.055075e+00	-3.503843e-04
 3.700000e+01	 8.000000e+00	 7.098896e-03	-1.535678e+00	-1.425832e-03
 3.700000e+01	 9.000000e+00	 1.025322e-02	 1.706688e+00	-4.614279e-03
 3.700000e+01	 1.000000e+01	 1.231676e-02	-1.252895e+00	-2.720768e-04
 3.800000e+01	 0.000000e+00	 1.213616e-02	 1.912513e+00	-1.516717e-04
 3.800000e+01	 1.000000e+00	 9.933924e-03	-1.428870e+00	-4.585430e-03
 3.800000e+01	 2.000000e+00	 6.993264e-03	 1.616503e+00	-1.393355e-03
 3.800000e+01	 3.000000e+00	 1.273258e-02	-1.062420e+00	-2.621543e-04
 3.800000e+01	 4.000000e+00	 1.154694e-02	 1.998934e+00	-1.064331e-03
 3.800000e+01	 5.000000e+00	 7.546738e-03	-1.342575e+00	-8.221655e-04
 3.800000e+01	 6.000000e+00	 1.161324e-02	 2.040722e+00	-2.752127e-03
 3.800000e+01	 7.000000e+00	 1.214198e-02	-1.178104e+00	-3.687912e-03
 3.800000e+01	 8.000000e+00	 6.982000e-03	 1.676757e+00	 4.738738e-04
 3.800000e+01	 9.000000e+00	 1.073846e-02	-1.194406e+00	 2.279136e-03
 3.800000e+01	 1.000000e+01	 1.194652e-02	 1.809303e+00	-2.370953e-03
 3.900000e+01	 0.000000e+00	 1.164580e-02	-1.309208e+00	-2.538486e-03
 3.900000e+01	 1.000000e+00	 1.046138e-02	 1.945758e+00	 2.381102e-03
 3.900000e+01	 2.000000e+00	 6.772046e-03	-1.452098e+00	 4.943714e-04
 3.900000e+01	 3.000000e+00	 1.201631e-02	 2.022544e+00	-4.029324e-03
 3.900000e+01	 4.000000e+00	 1.126405e-02	-1.119486e+00	-2.565381e-03
 3.900000e+01	 5.000000e+00	 7.328463e-03	 1.823301e+00	-7.923573e-04
 3.900000e+01	 6.000000e+00	 1.138968e-02	-1.077885e+00	-1.372381e-03
 3.900000e+01	 7.000000e+00	 1.246806e-02	 2.067023e+00	-3.295457e-05
 3.900000e+01	 8.000000e+00	 6.769646e-03	-1.511261e+00	-1.423415e-03
 3.900000e+01	 9.000000e+00	 9.657020e-03	 1.749878e+00	-4.879451e-03
 3.900000e+01	 1.000000e+01	 1.173309e-02	-1.224302e+00	 1.518423e-05
 4.000000e+01	 0.000000e+00	 1.137466e-02	 1.929031e+00	 1.658622e-04
 4.000000e+01	 1.000000e+00	 9.437816e-03	-1.367553e+00	-5.122450e-03
 4.000000e+01	 2.000000e+00	 6.598746e-03	 1.642230e+00	-1.445418e-03
 4.000000e+01	 3.000000e+00	 1.207087e-02	-1.047787e+00	 2.163668e-05
 4.000000e+01	 4.000000e+00	 1.123101e-02	 2.098014e+00	-1.435940e-03
 4.000000e+01	 5.000000e+00	 7.185607e-03	-1.290290e+00	-7.765545e-04
 4.000000e+01	 6.000000e+00	 1.084564e-02	 2.030754e+00	-2.422285e-03
 4.000000e+01	 7.000000e+00	 1.189424e-02	-1.078102e+00	-4.226133e-03
 4.000000e+01	 8.000000e+00	 6.558051e-03	 1.707468e+00	 4.728891e-04
 4.000000e+01	 9.000000e+00	 1.018805e-02	-1.172108e+00	 2.450929e-03
 4.000000e+01	 1.000000e+01	 1.123367e-02	 1.850275e+00	-2.663824e-03
 4.100000e+01	 0.000000e+00	 1.092909e-02	-1.276647e+00	-2.692115e-03
 4.100000e+01	 1.000000e+00	 9.913357e-03	 2.024543e+00	 2.551633e-03
 4.100000e+01	 2.000000e+00	 6.352480e-03	-1.411183e+00	 5.132476e-04
 4.100000e+01	 3.000000e+00	 1.153991e-02	 2.068199e+00	-3.993704e-03
 4.100000e+01	 4.000000e+00	 1.064486e-02	-1.037896e+00	-2.552967e-03
 4.100000e+01	 5.000000e+00	 7.048398e-03	 1.878487e+00	-7.954664e-04
 4.100000e+01	 6.000000e+00	 1.083322e-02	-1.053807e+00	-1.154295e-03
 4.100000e+01	 7.000000e+00	 1.192722e-02	 2.164984e+00	-8.508531e-05
 4.100000e+01	 8.000000e+00	 6.442429e-03	-1.480155e+00	-1.352294e-03
 4.100000e+01	 9.000000e+00	 9.130291e-03	 1.782809e+00	-4.982245e-03
 4.100000e+01	 1.000000e+01	 1.103434e-02	-1.173621e+00	 3.079992e-04
 4.200000e+01	 0.000000e+00	 1.080358e-02	 2.009583e+00	 4.233734e-04
 4.200000e+01	 1.000000e+00	 8.692043e-03	-1.345836e+00	-4.759710e-03
 4.200000e+01	 2.000000e+00	 6.190536e-03	 1.682778e+00	-1.276456e-03
 4.200000e+01	 3.000000e+00	 1.181047e-02	-9.259234e-01	-8.279464e-05
 4.200000e+01	 4.000000e+00	 1.039270e-02	 2.107369e+00	-1.000121e-03
 4.200000e+01	 5.000000e+00	 6.862869e-03	-1.227318e+00	-7.711803e-04
 4.200000e+01	 6.000000e+00	 1.052930e-02	 2.160673e+00	-2.658205e-03
 4.200000e+01	 7.000000e+00	 1.109214e-02	-1.060754e+00	-3.846492e-03
 4.200000e+01	 8.000000e+00	 6.164164e-03	 1.758042e+00	 5.119994e-04
 4.200000e+01	 9.000000e+00	 9.586877e-03	-1.070410e+00	 2.613097e-03
 4.200000e+01	 1.000000e+01	 1.052126e-02	 1.890594e+00	-2.838946e-03
 4.300000e+01	 0.000000e+00	 1.006274e-02	-1.206370e+00	-3.060815e-03
 4.300000e+01	 1.000000e+00	 9.157175e-03	 2.078407e+00	 2.549401e-03
 4.300000e+01	 2.000000e+00	 5.902667e-03	-1.359878e+00	 4.497828e-04
 4.300000e+01	 3.000000e+00	 1.074962e-02	 2.137391e+00	-4.069668e-03
 4.300000e+01	 4.000000e+00	 1.020564e-02	-9.766135e-01	-2.532623e-03
 4.300000e+01	 5.000000e+00	 6.579072e-03	 1.955482e+00	-7.841043e-04
 4.300000e+01	 6.000000e+00	 1.010389e-02	-9.537308e-01	-1.307351e-03
 4.300000e+01	 7.000000e+00	 1.142347e-02	 2.216723e+00	 1.157938e-04
 4.300000e+01	 8.000000e+00	 5.949594e-03	-1.435421e+00	-1.287545e-03
 4.300000e+01	 9.000000e+00	 8.244047e-03	 1.840501e+00	-4.993371e-03
 4.300000e+01	 1.000000e+01	 1.043540e-02	-1.103565e+00	 5.198445e-04
 4.400000e+01	 0.000000e+00	 9.931458e-03	 2.068186e+00	 6.207356e-04
 4.400000e+01	 1.000000e+00	 7.870096e-03	-1.250957e+00	-5.181255e-03
 4.400000e+01	 2.000000e+00	 5.730907e-03	 1.738839e+00	-1.285094e-03
 4.400000e+01	 3.000000e+00	 1.094075e-02	-9.129988e-01	 2.097179e-04
 4.400000e+01	 4.000000e+00	 9.916776e-03	 2.257796e+00	-1.582506e-03
 4.400000e+01	 5.000000e+00	 6.335664e-03	-1.142579e+00	-7.963648e-04
 4.400000e+01	 6.000000e+00	 9.677697e-03	 2.176539e+00	-2.347854e-03
 4.400000e+01	 7.000000e+00	 1.049603e-02	-9.399484e-01	-4.355215e-03
 4.400000e+01	 8.000000e+00	 5.630040e-03	 1.809024e+00	 3.854298e-04
 4.400000e+01	 9.000000e+00	 8.812282e-03	-1.043466e+00	 2.595562e-03
 4.400000e+01	 1.000000e+01	 9.572704e-03	 1.982378e+00	-3.323307e-03
 4.500000e+01	 0.000000e+00	 9.040919e-03	-1.126260e+00	-3.264729e-03
 4.500000e+01	 1.000000e+00	 8.422272e-03	 2.169215e+00	 2.620470e-03
 4.500000e+01	 2.000000e+00	 5.455511e-03	-1.293442e+00	 3.228577e-04
 4.500000e+01	 3.000000e+00	 1.015480e-02	 2.229942e+00	-4.188295e-03
 4.500000e+01	 4.000000e+00	 9.317911e-03	-8.868556e-01	-2.399420e-03
 4.500000e+01	 5.000000e+00	 6.174610e-03	 2.043396e+00	-7.938133e-04
 4.500000e+01	 6.000000e+00	 9.480788e-03	-8.739940e-01	-1.420852e-03
 4.500000e+01	 7.000000e+00	 1.068903e-02	 2.312621e+00	 8.794344e-05
 4.500000e+01	 8.000000e+00	 5.446101e-03	-1.364172e+00	-1.184391e-03
 4.500000e+01	 9.000000e+00	 7.551601e-03	 1.910240e+00	-5.163733e-03
 4.500000e+01	 1.000000e+01	 9.522669e-03	-1.015452e+00	 8.124824e-04
 4.600000e+01	 0.000000e+00	 9.128917e-03	 2.182372e+00	 9.136316e-04
 4.600000e+01	 1.000000e+00	 7.036868e-03	-1.206183e+00	-5.023563e-03
 4.600000e+01	 2.000000e+00	 5.199741e-03	 1.821414e+00	-1.108350e-03
 4.600000e+01	 3.000000e+00	 1.053703e-02	-7.400890e-01	-9.790922e-05
 4.600000e+01	 4.000000e+00	 8.942832e-03	 2.280165e+00	-1.118137e-03
 4.600000e+01	 5.000000e+00	 6.052985e-03	-1.051482e+00	-8.121734e-04
 4.600000e+01	 6.000000e+00	 9.178471e-03	 2.347446e+00	-2.460838e-03
 4.600000e+01	 7.000000e+00	 9.600947e-03	-8.844230e-01	-4.025520e-03
 4.600000e+01	 8.000000e+00	 5.193529e-03	 1.895062e+00	 2.432948e-04
 4.600000e+01	 9.000000e+00	 8.137197e-03	-8.837239e-01	 2.645253e-03
 4.600000e+01	 1.000000e+01	 8.564718e-03	 2.048912e+00	-3.335982e-03
 4.700000e+01	 0.000000e+00	 7.983703e-03	-1.031044e+00	-3.545921e-03
 4.700000e+01	 1.000000e+00	 7.657891e-03	 2.295793e+00	 2.637838e-03
 4.700000e+01	 2.000000e+00	 4.900228e-03	-1.199889e+00	 1.468385e-04
 4.700000e+01	 3.000000e+00	 9.094341e-03	 2.336177e+00	-4.100315e-03
 4.700000e+01	 4.000000e+00	 8.912089e-03	-7.636910e-01	-2.448400e-03
 4.700000e+01	 5.000000e+00	 5.842730e-03	 2.141752e+00	-8.524702e-04
 4.700000e+01	 6.000000e+00	 8.578416e-03	-7.768786e-01	-1.341520e-03
 4.700000e+01	 7.000000e+00	 1.008798e-02	 2.435504e+00	 1.275874e-05
 4.700000e+01	 8.000000e+00	 4.906073e-03	-1.263455e+00	-1.061224e-03
 4.700000e+01	 9.000000e+00	 6.386897e-03	 1.998729e+00	-5.156573e-03
 4.700000e+01	 1.000000e+01	 8.832305e-03	-9.112704e-01	 1.007351e-03
 4.800000e+01	 0.000000e+00	 8.429683e-03	 2.286614e+00	 1.106527e-03
 4.800000e+01	 1.000000e+00	 5.788582e-03	-1.059466e+00	-5.332785e-03
 4.800000e+01	 2.000000e+00	 4.516434e-03	 1.940376e+00	-1.052997e-03
 4.800000e+01	 3.000000e+00	 9.492503e-03	-6.914111e-01	 1.701067e-04
 4.800000e+01	 4.000000e+00	 8.460965e-03	 2.477756e+00	-1.738978e-03
 4.800000e+01	 5.000000e+00	 5.606831e-03	-9.333788e-01	-9.032120e-04
 4.800000e+01	 6.000000e+00	 8.403317e-03	 2.389122e+00	-2.318499e-03
 4.800000e+01	 7.000000e+00	 8.702059e-03	-7.067552e-01	-4.366823e-03
 4.800000e+01	 8.000000e+00	 4.663566e-03	 2.004196e+00	 3.778133e-05
 4.800000e+01	 9.000000e+00	 7.106795e-03	-8.149773e-01	 2.699079e-03
 4.800000e+01	 1.000000e+01	 7.455269e-03	 2.193866e+00	-3.880099e-03
 4.900000e+01	 0.000000e+00	 6.883459e-03	-8.695809e-01	-4.012824e-03
 4.900000e+01	 1.000000e+00	 6.662329e-03	 2.414101e+00	 2.677625e-03
 4.900000e+01	 2.000000e+00	 4.358611e-03	-1.067976e+00	-1.579644e-06
 4.900000e+01	 3.000000e+00	 8.385228e-03	 2.485900e+00	-4.309815e-03
 4.900000e+01	 4.000000e+00	 7.970495e-03	-6.555546e-01	-2.372714e-03
 4.900000e+01	 5.000000e+00	 5.443658e-03	 2.275555e+00	-8.979408e-04
 4.900000e+01	 6.000000e+00	 8.149699e-03	-6.072306e-01	-1.741128e-03
 4.900000e+01	 7.000000e+00	 9.133079e-03	 2.536243e+00	 5.946815e-05
 4.900000e+01	 8.000000e+00	 4.286902e-03	-1.129137e+00	-1.047983e-03
 4.900000e+01	 9.000000e+00	 5.331378e-03	 2.135525e+00	-5.372822e-03
 4.900000e+01	 1.000000e+01	 7.964741e-03	-7.648614e-01	 1.220555e-03
 5.000000e+01	 0.000000e+00	 7.555423e-03	 2.486405e+00	 1.309425e-03
 5.000000e+01	 1.000000e+00	 4.885894e-03	-9.540169e-01	-5.230313e-03
 5.000000e+01	 2.000000e+00	 3.970243e-03	 2.111630e+00	-1.059346e-03
 5.000000e+01	 3.000000e+00	 9.076412e-03	-4.838657e-01	-2.406649e-04
 5.000000e+01	 4.000000e+00	 7.569851e-03	 2.567059e+00	-1.391975e-03
 5.000000e+01	 5.000000e+00	 5.288126e-03	-8.028297e-01	-9.472869e-04
 5.000000e+01	 6.000000e+00	 7.839245e-03	 2.626610e+00	-2.495639e-03
 5.000000e+01	 7.000000e+00	 7.935284e-03	-6.077107e-01	-4.016568e-03
 5.000000e+01	 8.000000e+00	 4.237922e-03	 2.146584e+00	-2.002002e-05
 5.000000e+01	 9.000000e+00	 6.464947e-03	-5.838288e-01	 2.670658e-03
 5.000000e+01	 1.000000e+01	 6.261213e-03	 2.346968e+00	-4.009535e-03
 5.100000e+01	 0.000000e+00	 5.661885e-03	-6.846002e-01	-4.060832e-03
 5.100000e+01	 1.000000e+00	 6.210288e-03	 2.667196e+00	 2.646373e-03
 5.100000e+01	 2.000000e+00	 4.038432e-03	-8.953146e-01	-6.505144e-05
 5.100000e+01	 3.000000e+00	 7.519600e-03	 2.652905e+00	-3.982321e-03
 5.100000e+01	 4.000000e+00	 7.581078e-03	-4.435034e-01	-2.495925e-03
 5.100000e+01	 5.000000e+00	 5.129738e-03	 2.421563e+00	-9.734476e-04
 5.100000e+01	 6.000000e+00	 7.151631e-03	-4.752302e-01	-1.407271e-03
 5.100000e+01	 7.000000e+00	 8.820415e-03	 2.734115e+00	-3.573874e-04
 5.100000e+01	 8.000000e+00	 3.769392e-03	-9.302860e-01	-1.060480e-03
 5.100000e+01	 9.000000e+00	 4.265595e-03	 2.331372e+00	-5.296211e-03
 5.100000e+01	 1.000000e+01	 7.230137e-03	-5.709982e-01	 1.392548e-03
 5.200000e+01	 0.000000e+00	 6.869430e-03	 2.658259e+00	 1.454399e-03
 5.200000e+01	 1.000000e+00	 3.652375e-03	-5.841583e-01	-5.498455e-03
 5.200000e+01	 2.000000e+00	 3.460945e-03	 2.337586e+00	-1.150044e-03
 5.200000e+01	 3.000000e+00	 8.319669e-03	-3.586402e-01	-2.241913e-04
 5.200000e+01	 4.000000e+00	 7.076316e-03	 2.823323e+00	-1.753086e-03
 5.200000e+01	 5.000000e+00	 4.976572e-03	-6.243600e-01	-1.064157e-03
 5.200000e+01	 6.000000e+00	 7.152199e-03	 2.727174e+00	-2.363436e-03
 5.200000e+01	 7.000000e+00	 7.251470e-03	-3.353528e-01	-4.200101e-03
 5.200000e+01	 8.000000e+00	 3.837060e-03	 2.350202e+00	-1.887146e-04
 5.200000e+01	 9.000000e+00	 5.771228e-03	-3.892190e-01	 2.558627e-03
 5.200000e+01	 1.000000e+01	 5.261295e-03	 2.612587e+00	-4.260782e-03
 5.300000e+01	 0.000000e+00	 4.914203e-03	-3.431077e-01	-4.474324e-03
 5.300000e+01	 1.000000e+00	 5.304929e-03	 2.893590e+00	 2.454700e-03
 5.300000e+01	 2.000000e+00	 3.636922e-03	-6.586366e-01	-2.439708e-04
 5.300000e+01	 3.000000e+00	 7.111549e-03	 2.912346e+00	-4.301287e-03
 5.300000e+01	 4.000000e+00	 6.840946e-03	-3.058069e-01	-2.368564e-03
 5.300000e+01	 5.000000e+00	 4.853788e-03	 2.623020e+00	-1.066541e-03
 5.300000e+01	 6.000000e+00	 7.073976e-03	-2.080096e-01	-1.956293e-03
 5.300000e+01	 7.000000e+00	 7.838073e-03	 2.874717e+00	-2.380867e-04
 5.300000e+01	 8.000000e+00	 3.224787e-03	-6.305976e-01	-1.169372e-03
 5.300000e+01	 9.000000e+00	 3.372764e-03	 2.759344e+00	-5.449292e-03
 5.300000e+01	 1.000000e+01	 6.665590e-03	-3.643966e-01	 1.438222e-03
 5.400000e+01	 0.000000e+00	 6.560880e-03	 2.964066e+00	 1.341107e-03
 5.400000e+01	 1.000000e+00	 3.075995e-03	-1.997370e-01	-5.190154e-03
 5.400000e+01	 2.000000e+00	 3.157199e-03	 2.695266e+00	-1.162982e-03
 5.400000e+01	 3.000000e+00	 7.964820e-03	-1.111321e-01	-5.051819e-04
 5.400000e+01	 4.000000e+00	 6.740546e-03	 3.002138e+00	-1.743593e-03
 5.400000e+01	 5.000000e+00	 4.744451e-03	-4.112653e-01	-1.128097e-03
 5.400000e+01	 6.000000e+00	 6.927950e-03	 3.025409e+00	-2.558178e-03
 5.400000e+01	 7.000000e+00	 6.750429e-03	-1.569887e-01	-3.942453e-03
 5.400000e+01	 8.000000e+00	 3.551505e-03	 2.624599e+00	-3.282125e-04
 5.400000e+01	 9.000000e+00	 5.332184e-03	-5.446628e-02	 2.329497e-03
 5.400000e+01	 1.000000e+01	 4.738334e-03	 2.954676e+00	-4.463281e-03
 5.500000e+01	 0.000000e+00	 4.512425e-03	 6.470446e-02	-4.355673e-03
 5.500000e+01	 1.000000e+00	 5.615434e-03	-3.027797e+00	 2.295648e-03
 5.500000e+01	 2.000000e+00	 3.543807e-03	-3.934841e-01	-3.805359e-04
 5.500000e+01	 3.000000e+00	 6.569060e-03	 3.128556e+00	-3.784755e-03
 5.500000e+01	 4.000000e+00	 7.094290e-03	 2.588756e-02	-2.616330e-03
 5.500000e+01	 5.000000e+00	 4.622068e-03	 2.829452e+00	-1.125316e-03
 5.500000e+01	 6.000000e+00	 6.438654e-03	-7.549720e-04	-1.663827e-03
 5.500000e+01	 7.000000e+00	 8.097434e-03	-3.134356e+00	-7.226898e-04
 5.500000e+01	 8.000000e+00	 3.085339e-03	-2.866443e-01	-1.148114e-03
 5.500000e+01	 9.000000e+00	 3.049585e-03	-3.060933e+00	-5.201031e-03
 5.500000e+01	 1.000000e+01	 6.514736e-03	-4.823484e-02	 1.348364e-03
 5.600000e+01	 0.000000e+00	 6.392928e-03	-3.036819e+00	 1.293031e-03
 5.600000e+01	 1.000000e+00	 3.395104e-03	 4.467085e-01	-5.481139e-03
 5.600000e+01	 2.000000e+00	 3.124728e-03	 3.031438e+00	-1.208466e-03
 5.600000e+01	 3.000000e+00	 7.881739e-03	 8.831322e-02	-7.142808e-04
 5.600000e+01	 4.000000e+00	 6.600438e-03	-2.937575e+00	-1.985406e-03
 5.600000e+01	 5.000000e+00	 4.606811e-03	-1.861147e-01	-1.205284e-03
 5.600000e+01	 6.000000e+00	 6.788526e-03	-3.045806e+00	-2.410290e-03
 5.600000e+01	 7.000000e+00	 6.900176e-03	 1.919383e-01	-3.955093e-03
 5.600000e+01	 8.000000e+00	 3.490231e-03	 2.885468e+00	-4.814081e-04
 5.600000e+01	 9.000000e+00	 5.552919e-03	 2.193221e-01	 2.271192e-03
 5.600000e+01	 1.000000e+01	 4.681600e-03	-2.862998e+00	-4.373621e-03
 5.700000e+01	 0.000000e+00	 5.161125e-03	 4.886854e-01	-4.395428e-03
 5.700000e+01	 1.000000e+00	 5.606370e-03	-2.744883e+00	 2.104461e-03
 5.700000e+01	 2.000000e+00	 3.507340e-03	-9.920787e-02	-5.890532e-04
 5.700000e+01	 3.000000e+00	 7.283232e-03	-2.789238e+00	-4.134385e-03
 5.700000e+01	 4.000000e+00	 6.627864e-03	 2.149458e-01	-2.259235e-03
 5.700000e+01	 5.000000e+00	 4.687304e-03	 3.100550e+00	-1.257707e-03
 5.700000e+01	 6.000000e+00	 7.015252e-03	 3.467643e-01	-2.231290e-03
 5.700000e+01	 7.000000e+00	 7.704956e-03	-2.931460e+00	-6.772170e-04
 5.700000e+01	 8.000000e+00	 3.301812e-03	 7.072273e-02	-1.210272e-03
 5.700000e+01	 9.000000e+00	 3.882880e-03	-2.452719e+00	-5.471117e-03
 5.700000e+01	 1.000000e+01	 6.516842e-03	 2.307106e-01	 1.228103e-03
 5.800000e+01	 0.000000e+00	 7.039538e-03	-2.752834e+00	 9.646244e-04
 5.800000e+01	 1.000000e+00	 4.378713e-03	 8.656588e-01	-5.189908e-03
 5.800000e+01	 2.000000e+00	 3.486595e-03	-2.903664e+00	-1.164532e-03
 5.800000e+01	 3.000000e+00	 8.094505e-03	 3.958340e-01	-9.325084e-04
 5.800000e+01	 4.000000e+00	 7.219613e-03	-2.707865e+00	-2.131258e-03
 5.800000e+01	 5.000000e+00	 4.810767e-03	 1.072918e-01	-1.274913e-03
 5.800000e+01	 6.000000e+00	 7.215448e-03	-2.745932e+00	-2.426401e-03
 5.800000e+01	 7.000000e+00	 7.216336e-03	 4.442612e-01	-3.869826e-03
 5.800000e+01	 8.000000e+00	 3.684501e-03	-3.099618e+00	-6.794125e-04
 5.800000e+01	 9.000000e+00	 6.081513e-03	 5.765774e-01	 1.938179e-03
 5.800000e+01	 1.000000e+01	 5.659542e-03	-2.516141e+00	-4.299695e-03
 5.900000e+01	 0.000000e+00	 6.238031e-03	 7.834945e-01	-4.138917e-03
 5.900000e+01	 1.000000e+00	 6.687350e-03	-2.440858e+00	 1.819627e-03
 5.900000e+01	 2.000000e+00	 3.882840e-03	 1.888281e-01	-7.833263e-04
 5.900000e+01	 3.000000e+00	 7.304502e-03	-2.551506e+00	-3.507664e-03
 5.900000e+01	 4.000000e+00	 8.063994e-03	 5.463639e-01	-2.646653e-03
 5.900000e+01	 5.000000e+00	 5.036738e-03	-2.912712e+00	-1.322643e-03
 5.900000e+01	 6.000000e+00	 7.272997e-03	 5.569145e-01	-2.037165e-03
 5.900000e+01	 7.000000e+00	 8.671132e-03	-2.618780e+00	-1.144008e-03
 5.900000e+01	 8.000000e+00	 3.865463e-03	 3.766444e-01	-1.150365e-03
 5.900000e+01	 9.000000e+00	 4.858457e-03	-2.150232e+00	-5.020550e-03
 5.900000e+01	 1.000000e+01	 7.707954e-03	 5.389354e-01	 8.772237e-04
 6.000000e+01	 0.000000e+00	 8.090714e-03	-2.477846e+00	 6.795682e-04
 6.000000e+01	 1.000000e+00	 5.847087e-03	 1.124514e+00	-5.072230e-03
 6.000000e+01	 2.000000e+00	 4.192596e-03	-2.639334e+00	-1.141754e-03
 6.000000e+01	 3.000000e+00	 8.852403e-03	 6.028577e-01	-1.211056e-03
 6.000000e+01	 4.000000e+00	 8.034689e-03	-2.402770e+00	-2.241801e-03
 6.000000e+01	 5.000000e+00	 5.194090e-03	 3.339409e-01	-1.377569e-03
 6.000000e+01	 6.000000e+00	 8.268636e-03	-2.503871e+00	-2.447095e-03
 6.000000e+01	 7.000000e+00	 8.174254e-03	 7.424151e-01	-3.546415e-03
 6.000000e+01	 8.000000e+00	 4.125836e-03	-2.834401e+00	-9.269571e-04
 6.000000e+01	 9.000000e+00	 7.098571e-03	 7.974083e-01	 1.838919e-03
 6.000000e+01	 1.000000e+01	 7.132053e-03	-2.225654e+00	-4.247820e-03
