 0.000000e+00	 0.000000e+00	 1.647779e-03	-1.964431e+00	-3.952865e-04	-9.517858e-04	 2.469090e-04	 4.207283e-06
 0.000000e+00	 1.000000e+00	 2.569827e-03	 2.363432e+00	-1.144729e-03	 1.128279e-03	 1.312342e-04	 6.402217e-06
 0.000000e+00	 2.000000e+00	 1.339927e-02	 1.635220e+00	-5.395364e-04	 8.363201e-03	-7.494020e-05	 3.327224e-05
 0.000000e+00	 3.000000e+00	 2.131667e-02	 1.429947e+00	 1.871680e-03	 1.320051e-02	-1.596116e-04	 5.293393e-05
 0.000000e+00	 4.000000e+00	 7.684905e-03	 1.085656e+00	 2.241444e-03	 4.251904e-03	-2.046467e-05	 1.908210e-05
 0.000000e+00	 5.000000e+00	 1.729653e-03	 7.132273e-01	 8.181260e-04	 7.078065e-04	-1.092288e-06	 4.294798e-06
 0.000000e+00	 6.000000e+00	 3.343690e-04	 2.391062e-01	 2.031817e-04	 4.952952e-05	 1.609589e-08	 8.302514e-07
 0.000000e+00	 7.000000e+00	 1.280065e-04	-1.547746e-01	 7.910479e-05	-1.234212e-05	 1.746772e-07	 3.178460e-07
 0.000000e+00	 8.000000e+00	 7.296962e-05	 6.278479e-02	 4.554901e-05	 2.863549e-06	 7.834622e-07	 1.812131e-07
 0.000000e+00	 9.000000e+00	 4.740501e-05	 9.435366e-01	 1.740214e-05	 2.400540e-05	 2.034092e-06	 1.179852e-07
 0.000000e+00	 1.000000e+01	 7.908802e-05	 1.414178e+00	 7.715612e-06	 4.886025e-05	 4.832345e-06	 1.973135e-07
 1.000000e+00	 0.000000e+00	 8.577558e-03	-2.655017e+00	-4.742195e-03	-2.508612e-03	 2.923226e-03	 2.425496e-05
 1.000000e+00	 1.000000e+00	 1.926663e-02	 2.383725e+00	-8.752199e-03	 8.283097e-03	 8.302292e-04	 4.795322e-05
 1.000000e+00	 2.000000e+00	 9.741682e-02	 1.669445e+00	-6.000837e-03	 6.063324e-02	-4.870101e-03	 2.426613e-04
 1.000000e+00	 3.000000e+00	 1.538538e-01	 1.427914e+00	 1.370259e-02	 9.524743e-02	-8.739920e-03	 3.835975e-04
 1.000000e+00	 4.000000e+00	 5.234123e-02	 9.879498e-01	 1.801847e-02	 2.733200e-02	-9.128931e-04	 1.300159e-04
 1.000000e+00	 5.000000e+00	 1.057279e-02	 6.224572e-01	 5.372531e-03	 3.855462e-03	-3.854155e-05	 2.625311e-05
 1.000000e+00	 6.000000e+00	 1.661683e-03	 2.714706e-01	 1.001240e-03	 2.786870e-04	-7.953931e-07	 4.126025e-06
 1.000000e+00	 7.000000e+00	 2.435256e-04	-4.120167e-01	 1.395671e-04	-6.099513e-05	 2.933454e-07	 6.046849e-07
 1.000000e+00	 8.000000e+00	 6.406175e-05	-7.598670e-01	 2.904603e-05	-2.759950e-05	 4.991766e-07	 1.590802e-07
 1.000000e+00	 9.000000e+00	 3.162579e-05	 9.630958e-01	 1.129423e-05	 1.623897e-05	 1.320119e-06	 7.870278e-08
 1.000000e+00	 1.000000e+01	 7.289569e-05	 1.463401e+00	 4.887017e-06	 4.533002e-05	 3.060830e-06	 1.814103e-07
 2.000000e+00	 0.000000e+00	 3.216412e-02	 3.023588e+00	-1.997718e-02	 2.368400e-03	 1.143742e-02	 9.187021e-05
 2.000000e+00	 1.000000e+00	 1.082710e-01	 2.600918e+00	-5.805903e-02	 3.485555e-02	-8.793548e-04	 2.688639e-04
 2.000000e+00	 2.000000e+00	 3.835999e-01	 1.920945e+00	-8.230254e-02	 2.253649e-01	-1.168103e-01	 1.059385e-03
 2.000000e+00	 3.000000e+00	 5.798990e-01	 1.344833e+00	 8.126107e-02	 3.534782e-01	-1.938756e-01	 1.632716e-03
 2.000000e+00	 4.000000e+00	 2.568223e-01	 6.728473e-01	 1.256206e-01	 1.001069e-01	-2.477375e-02	 6.452396e-04
 2.000000e+00	 5.000000e+00	 5.151736e-02	 3.459479e-01	 3.031261e-02	 1.092597e-02	-9.388994e-04	 1.279740e-04
 2.000000e+00	 6.000000e+00	 7.471752e-03	 1.616468e-01	 4.612294e-03	 7.521249e-04	-2.000193e-05	 1.855283e-05
 2.000000e+00	 7.000000e+00	 8.266033e-04	-9.310573e-02	 5.147608e-04	-4.806615e-05	 8.256301e-07	 2.052491e-06
 2.000000e+00	 8.000000e+00	 5.737819e-05	-6.887329e-01	 2.770683e-05	-2.280848e-05	 4.744415e-07	 1.424848e-07
 2.000000e+00	 9.000000e+00	 3.104136e-05	 1.595105e+00	-4.719059e-07	 1.940912e-05	-5.513702e-08	 7.707724e-08
 2.000000e+00	 1.000000e+01	 7.173256e-05	 1.564702e+00	 2.734027e-07	 4.486438e-05	 1.713779e-07	 1.781161e-07
 3.000000e+00	 0.000000e+00	 6.205564e-02	 2.843948e+00	-3.710617e-02	 1.138260e-02	 1.535731e-02	 1.657101e-04
 3.000000e+00	 1.000000e+00	 2.520128e-01	-2.772610e+00	-1.470129e-01	-5.684895e-02	-4.956035e-02	 6.559612e-04
 3.000000e+00	 2.000000e+00	 9.301920e-01	-2.482705e+00	-4.600057e-01	-3.561937e-01	-5.726723e-01	 3.240921e-03
 3.000000e+00	 3.000000e+00	 4.760467e-01	-9.221971e-01	 1.798584e-01	-2.372813e-01	-9.546458e-01	 3.969997e-03
 3.000000e+00	 4.000000e+00	 5.486924e-01	-1.432709e-01	 3.396642e-01	-4.899970e-02	-1.895955e-01	 1.556518e-03
 3.000000e+00	 5.000000e+00	 1.434542e-01	-9.967854e-02	 8.927822e-02	-8.928713e-03	-9.373602e-03	 3.581410e-04
 3.000000e+00	 6.000000e+00	 2.004810e-02	-1.000167e-01	 1.247644e-02	-1.252030e-03	-1.787305e-04	 4.978528e-05
 3.000000e+00	 7.000000e+00	 2.062365e-03	-1.491118e-01	 1.275595e-03	-1.916287e-04	 5.610940e-07	 5.120935e-06
 3.000000e+00	 8.000000e+00	 1.306298e-04	-1.176064e-01	 8.113821e-05	-9.586615e-06	 1.378149e-06	 3.244052e-07
 3.000000e+00	 9.000000e+00	 4.515319e-05	 1.585795e+00	-4.235681e-07	 2.823794e-05	-4.945266e-08	 1.121173e-07
 3.000000e+00	 1.000000e+01	 7.625083e-05	 1.595382e+00	-1.172390e-06	 4.767676e-05	-7.341321e-07	 1.893563e-07
 4.000000e+00	 0.000000e+00	 9.153999e-02	 7.636933e-02	 5.708691e-02	 4.368185e-03	-2.073020e-02	 2.417379e-04
 4.000000e+00	 1.000000e+00	 2.758121e-01	-3.736476e-01	 1.606044e-01	-6.296744e-02	 8.224128e-02	 7.586986e-04
 4.000000e+00	 2.000000e+00	 7.578989e-01	-1.570354e+00	 2.098595e-04	-4.740287e-01	 4.918090e-01	 2.711771e-03
 4.000000e+00	 3.000000e+00	 1.000000e+00	-1.988101e+00	-2.534938e-01	-5.717780e-01	 1.608167e-01	 2.563805e-03
 4.000000e+00	 4.000000e+00	 1.792115e-01	-1.457783e+00	 1.264052e-02	-1.113730e-01	-2.132552e-02	 4.529715e-04
 4.000000e+00	 5.000000e+00	 2.971153e-02	-5.860105e-01	 1.548259e-02	-1.027723e-02	-2.228288e-03	 7.430339e-05
 4.000000e+00	 6.000000e+00	 5.073422e-03	-2.380774e-01	 3.083673e-03	-7.483456e-04	-5.786704e-05	 1.259960e-05
 4.000000e+00	 7.000000e+00	 4.769159e-04	-1.784287e-01	 2.935520e-04	-5.294112e-05	-4.786723e-09	 1.184201e-06
 4.000000e+00	 8.000000e+00	 4.909483e-05	 2.110213e+00	-1.577191e-05	 2.634637e-05	-2.667735e-07	 1.219090e-07
 4.000000e+00	 9.000000e+00	 5.857343e-05	 1.850279e+00	-1.010601e-05	 3.521333e-05	-1.180850e-06	 1.455157e-07
 4.000000e+00	 1.000000e+01	 7.417171e-05	 1.631488e+00	-2.813794e-06	 4.630537e-05	-1.762294e-06	 1.843041e-07
 5.000000e+00	 0.000000e+00	 5.616829e-02	-1.185357e-01	 3.488401e-02	-4.154476e-03	-1.854647e-02	 1.577106e-04
 5.000000e+00	 1.000000e+00	 1.760835e-01	 3.613344e-01	 1.030200e-01	 3.893403e-02	 7.928348e-03	 4.383537e-04
 5.000000e+00	 2.000000e+00	 4.060611e-01	 1.183544e+00	 9.591129e-02	 2.351648e-01	 2.090993e-01	 1.306027e-03
 5.000000e+00	 3.000000e+00	 2.898078e-01	 2.106934e+00	-9.259139e-02	 1.558276e-01	 1.600940e-01	 9.600952e-04
 5.000000e+00	 4.000000e+00	 1.091143e-01	 3.027546e+00	-6.780234e-02	 7.766337e-03	 1.407071e-02	 2.766339e-04
 5.000000e+00	 5.000000e+00	 1.546765e-02	 3.079424e+00	-9.655570e-03	 6.010478e-04	 4.212181e-04	 3.844317e-05
 5.000000e+00	 6.000000e+00	 1.898676e-03	 2.958308e+00	-1.167639e-03	 2.164396e-04	 7.952782e-06	 4.714594e-06
 5.000000e+00	 7.000000e+00	 4.053928e-04	 2.930477e+00	-2.479239e-04	 5.313245e-05	-3.101856e-07	 1.006607e-06
 5.000000e+00	 8.000000e+00	 1.309287e-04	 2.626412e+00	-7.126056e-05	 4.034634e-05	-1.216131e-06	 3.251371e-07
 5.000000e+00	 9.000000e+00	 5.908332e-05	 1.906949e+00	-1.218948e-05	 3.488545e-05	-1.424544e-06	 1.468152e-07
 5.000000e+00	 1.000000e+01	 6.645919e-05	 1.577574e+00	-2.817081e-07	 4.156603e-05	-1.765736e-07	 1.650223e-07
 6.000000e+00	 0.000000e+00	 1.663491e-02	-8.295171e-01	 7.025332e-03	-7.674285e-03	-4.180656e-03	 4.451496e-05
 6.000000e+00	 1.000000e+00	 3.318464e-02	 5.864062e-01	 1.728787e-02	 1.148543e-02	-1.410612e-03	 8.258887e-05
 6.000000e+00	 2.000000e+00	 1.369869e-01	 1.354948e+00	 1.835031e-02	 8.369042e-02	 1.180024e-02	 3.433547e-04
 6.000000e+00	 3.000000e+00	 1.077546e-01	 1.607450e+00	-2.469737e-03	 6.735000e-02	 1.073403e-02	 2.709313e-04
 6.000000e+00	 4.000000e+00	 2.777854e-02	 2.173998e+00	-9.856022e-03	 1.430800e-02	 8.484362e-04	 6.905740e-05
 6.000000e+00	 5.000000e+00	 5.400357e-03	 2.427670e+00	-2.552832e-03	 2.211704e-03	 3.359026e-05	 1.340996e-05
 6.000000e+00	 6.000000e+00	 1.142548e-03	 2.622701e+00	-6.205438e-04	 3.543867e-04	 1.069386e-06	 2.836995e-06
 6.000000e+00	 7.000000e+00	 3.603967e-04	 2.753252e+00	-2.086262e-04	 8.535241e-05	-4.046321e-07	 8.948808e-07
 6.000000e+00	 8.000000e+00	 1.303372e-04	 2.405018e+00	-6.038753e-05	 5.476113e-05	-1.035975e-06	 3.236585e-07
 6.000000e+00	 9.000000e+00	 5.718395e-05	 1.698507e+00	-4.555265e-06	 3.547449e-05	-5.324248e-07	 1.420057e-07
 6.000000e+00	 1.000000e+01	 5.835946e-05	 1.407564e+00	 5.931730e-06	 3.601579e-05	 3.714966e-06	 1.456574e-07
 7.000000e+00	 0.000000e+00	 3.596367e-03	-1.704770e+00	-3.004536e-04	-2.229196e-03	 1.978174e-04	 8.964388e-06
 7.000000e+00	 1.000000e+00	 4.289754e-03	 5.605639e-01	 2.272408e-03	 1.426471e-03	-2.568370e-04	 1.070032e-05
 7.000000e+00	 2.000000e+00	 2.113296e-02	 1.332066e+00	 3.125565e-03	 1.284277e-02	 1.939819e-04	 5.247962e-05
 7.000000e+00	 3.000000e+00	 1.916420e-02	 1.496056e+00	 8.950242e-04	 1.195281e-02	 2.603942e-04	 4.759668e-05
 7.000000e+00	 4.000000e+00	 5.658622e-03	 1.853713e+00	-9.879911e-04	 3.398492e-03	 2.688178e-05	 1.405099e-05
 7.000000e+00	 5.000000e+00	 1.470191e-03	 2.198089e+00	-5.397244e-04	 7.444716e-04	 1.647488e-06	 3.650548e-06
 7.000000e+00	 6.000000e+00	 5.297881e-04	 2.510902e+00	-2.676103e-04	 1.954019e-04	 4.433739e-08	 1.315485e-06
 7.000000e+00	 7.000000e+00	 2.627926e-04	 2.433109e+00	-1.248097e-04	 1.069488e-04	-2.689349e-07	 6.525253e-07
 7.000000e+00	 8.000000e+00	 1.252961e-04	 1.899173e+00	-2.527375e-05	 7.417924e-05	-4.343318e-07	 3.111199e-07
 7.000000e+00	 9.000000e+00	 6.326888e-05	 1.302068e+00	 1.050648e-05	 3.815134e-05	 1.228062e-06	 1.571748e-07
 7.000000e+00	 1.000000e+01	 5.701415e-05	 1.165836e+00	 1.404925e-05	 3.277535e-05	 8.799071e-06	 1.458145e-07
 8.000000e+00	 0.000000e+00	 1.673470e-04	-7.489060e-01	 7.666196e-05	-7.126151e-05	-4.812400e-05	 4.573461e-07
 8.000000e+00	 1.000000e+00	 7.051787e-04	 3.541140e-01	 4.136892e-04	 1.529400e-04	-4.826438e-05	 1.761439e-06
 8.000000e+00	 2.000000e+00	 2.475778e-03	 1.235485e+00	 5.095469e-04	 1.462240e-03	-5.479405e-06	 6.147494e-06
 8.000000e+00	 3.000000e+00	 2.524600e-03	 1.466676e+00	 1.641099e-04	 1.570463e-03	 3.707729e-06	 6.268700e-06
 8.000000e+00	 4.000000e+00	 1.027455e-03	 1.878982e+00	-1.949269e-04	 6.123464e-04	 7.367515e-07	 2.551214e-06
 8.000000e+00	 5.000000e+00	 4.898963e-04	 2.271213e+00	-1.974899e-04	 2.342702e-04	 8.927018e-08	 1.216432e-06
 8.000000e+00	 6.000000e+00	 3.236455e-04	 2.234523e+00	-1.247050e-04	 1.594501e-04	-2.143966e-08	 8.036246e-07
 8.000000e+00	 7.000000e+00	 2.031464e-04	 1.871013e+00	-3.757452e-05	 1.213752e-04	-8.281248e-08	 5.044207e-07
 8.000000e+00	 8.000000e+00	 1.223705e-04	 1.330434e+00	 1.821994e-05	 7.433649e-05	 3.135232e-07	 3.038534e-07
 8.000000e+00	 9.000000e+00	 6.552889e-05	 9.263351e-01	 2.462254e-05	 3.276447e-05	 2.878078e-06	 1.631115e-07
 8.000000e+00	 1.000000e+01	 5.076031e-05	 8.998301e-01	 1.973916e-05	 2.486579e-05	 1.236271e-05	 1.352586e-07
 9.000000e+00	 0.000000e+00	 1.323712e-03	-1.482119e+00	 7.332111e-05	-8.246642e-04	-4.615317e-05	 3.291933e-06
 9.000000e+00	 1.000000e+00	 3.659726e-04	-1.281202e+00	 6.536479e-05	-2.193666e-04	-7.652168e-06	 9.092320e-07
 9.000000e+00	 2.000000e+00	 2.071711e-04	 1.288336e+00	 3.611516e-05	 1.244407e-04	-5.898954e-07	 5.144194e-07
 9.000000e+00	 3.000000e+00	 3.601319e-04	 1.778854e+00	-4.652663e-05	 2.203873e-04	 1.719983e-07	 8.942221e-07
 9.000000e+00	 4.000000e+00	 2.931679e-04	 2.193705e+00	-1.069735e-04	 1.489241e-04	 5.488250e-08	 7.279476e-07
 9.000000e+00	 5.000000e+00	 2.561583e-04	 2.161119e+00	-8.918012e-05	 1.331000e-04	 7.198739e-09	 6.360513e-07
 9.000000e+00	 6.000000e+00	 1.999444e-04	 1.913497e+00	-4.202262e-05	 1.177836e-04	-1.047302e-08	 4.964698e-07
 9.000000e+00	 7.000000e+00	 1.123617e-04	 1.375391e+00	 1.364521e-05	 6.893930e-05	 3.063428e-08	 2.789985e-07
 9.000000e+00	 8.000000e+00	 7.833929e-05	 7.446938e-01	 3.602757e-05	 3.320783e-05	 6.199049e-07	 1.945351e-07
 9.000000e+00	 9.000000e+00	 5.035956e-05	 5.118077e-01	 2.746138e-05	 1.542600e-05	 3.209922e-06	 1.256924e-07
 9.000000e+00	 1.000000e+01	 4.200162e-05	 6.596121e-01	 2.075931e-05	 1.609850e-05	 1.300165e-05	 1.163659e-07
 1.000000e+01	 0.000000e+00	 1.660554e-03	-2.990604e+00	-1.026779e-03	-1.562210e-04	 6.430047e-04	 4.849470e-06
 1.000000e+01	 1.000000e+00	 7.212935e-04	-3.093227e+00	-4.506063e-04	-2.181100e-05	 5.266411e-05	 1.803163e-06
 1.000000e+01	 2.000000e+00	 2.385400e-04	 2.739987e+00	-1.373244e-04	 5.831982e-05	 2.363647e-06	 5.923786e-07
 1.000000e+01	 3.000000e+00	 1.653538e-04	 2.250425e+00	-6.500036e-05	 8.044125e-05	 1.486119e-07	 4.105803e-07
 1.000000e+01	 4.000000e+00	 1.227910e-04	 2.035814e+00	-3.443999e-05	 6.864470e-05	 1.105586e-08	 3.048950e-07
 1.000000e+01	 5.000000e+00	 1.006801e-04	 1.811989e+00	-1.504115e-05	 6.114771e-05	 3.809594e-10	 2.499926e-07
 1.000000e+01	 6.000000e+00	 4.231433e-05	 1.558133e+00	 3.351346e-07	 2.646343e-05	 1.273781e-10	 1.050682e-07
 1.000000e+01	 7.000000e+00	 4.033917e-05	-4.280082e-01	 2.295427e-05	-1.047203e-05	 5.141692e-08	 1.001640e-07
 1.000000e+01	 8.000000e+00	 4.199265e-05	-4.870060e-01	 2.321080e-05	-1.229125e-05	 3.993876e-07	 1.042815e-07
 1.000000e+01	 9.000000e+00	 2.528084e-05	-7.991540e-02	 1.576147e-05	-1.262272e-06	 1.842342e-06	 6.319800e-08
 1.000000e+01	 1.000000e+01	 2.363173e-05	 5.641468e-01	 1.249018e-05	 7.903055e-06	 7.822660e-06	 6.639005e-08
 1.100000e+01	 0.000000e+00	 2.017143e-03	 1.682588e+00	-1.407453e-04	 1.253749e-03	 8.813939e-05	 5.020853e-06
 1.100000e+01	 1.000000e+00	 6.041899e-04	 1.783721e+00	-7.985586e-05	 3.693574e-04	 9.335247e-06	 1.500685e-06
 1.100000e+01	 2.000000e+00	 1.975506e-04	 1.879339e+00	-3.752098e-05	 1.177235e-04	 6.460360e-07	 4.905326e-07
 1.100000e+01	 3.000000e+00	 4.716449e-05	 1.956638e+00	-1.110165e-05	 2.733037e-05	 2.498411e-08	 1.171113e-07
 1.100000e+01	 4.000000e+00	 3.142645e-05	-7.165245e-01	 1.482223e-05	-1.290924e-05	-4.198489e-09	 7.803313e-08
 1.100000e+01	 5.000000e+00	 6.146487e-05	-1.210735e+00	 1.354476e-05	-3.597811e-05	-2.556701e-11	 1.526197e-07
 1.100000e+01	 6.000000e+00	 9.204687e-05	-1.463068e+00	 6.190011e-06	-5.723708e-05	 1.731584e-09	 2.285560e-07
 1.100000e+01	 7.000000e+00	 8.338558e-05	-1.551670e+00	 9.974294e-07	-5.214407e-05	 2.240400e-09	 2.070497e-07
 1.100000e+01	 8.000000e+00	 4.891622e-05	-1.937164e+00	-1.095983e-05	-2.856428e-05	-1.885874e-07	 1.214632e-07
 1.100000e+01	 9.000000e+00	 1.294113e-05	-2.126862e+00	-4.272431e-06	-6.874585e-06	-4.994006e-07	 3.219445e-08
 1.100000e+01	 1.000000e+01	 6.634049e-06	 1.203102e+00	 1.491517e-06	 3.871931e-06	 9.341440e-07	 1.688491e-08
 1.200000e+01	 0.000000e+00	 1.517069e-03	 3.394725e-02	 9.483062e-04	 3.220476e-05	-5.939342e-04	 4.444057e-06
 1.200000e+01	 1.000000e+00	 6.330412e-04	-8.013610e-03	 3.959236e-04	-3.172846e-06	-4.628010e-05	 1.582568e-06
 1.200000e+01	 2.000000e+00	 1.280878e-04	-4.849446e-01	 7.087575e-05	-3.734528e-05	-1.219651e-06	 3.180840e-07
 1.200000e+01	 3.000000e+00	 1.178335e-04	-1.607066e+00	-2.672472e-06	-7.365065e-05	 5.945892e-09	 2.925853e-07
 1.200000e+01	 4.000000e+00	 1.395333e-04	-1.612168e+00	-3.609573e-06	-8.719661e-05	 1.007024e-09	 3.464668e-07
 1.200000e+01	 5.000000e+00	 1.348593e-04	-1.611156e+00	-3.403298e-06	-8.427924e-05	 2.985403e-12	 3.348610e-07
 1.200000e+01	 6.000000e+00	 8.798699e-05	-1.742417e+00	-9.398256e-06	-5.422311e-05	-2.632358e-09	 2.184752e-07
 1.200000e+01	 7.000000e+00	 6.334516e-05	-2.873666e+00	-3.820576e-05	-1.048851e-05	-8.561236e-08	 1.572889e-07
 1.200000e+01	 8.000000e+00	 8.507974e-05	 3.129359e+00	-5.320924e-05	 6.509673e-07	-9.155845e-07	 2.112876e-07
 1.200000e+01	 9.000000e+00	 4.181890e-05	 3.104629e+00	-2.613782e-05	 9.665993e-07	-3.055225e-06	 1.045440e-07
 1.200000e+01	 1.000000e+01	 1.604453e-05	 2.675369e+00	-8.964048e-06	 4.510930e-06	-5.614228e-06	 4.565017e-08
 1.300000e+01	 0.000000e+00	 1.232230e-03	-1.789182e+00	-1.669751e-04	-7.523944e-04	 1.045745e-04	 3.087713e-06
 1.300000e+01	 1.000000e+00	 3.742520e-04	-1.811398e+00	-5.577725e-05	-2.273338e-04	 6.519082e-06	 9.296428e-07
 1.300000e+01	 2.000000e+00	 2.032836e-04	-1.845700e+00	-3.451373e-05	-1.223699e-04	 5.937735e-07	 5.047668e-07
 1.300000e+01	 3.000000e+00	 1.827094e-04	-1.990814e+00	-4.659898e-05	-1.043432e-04	 1.043787e-07	 4.536749e-07
 1.300000e+01	 4.000000e+00	 1.495987e-04	-2.065205e+00	-4.439849e-05	-8.236203e-05	 1.246509e-08	 3.714596e-07
 1.300000e+01	 5.000000e+00	 8.437106e-05	-1.938094e+00	-1.894943e-05	-4.925028e-05	 1.257367e-11	 2.094967e-07
 1.300000e+01	 6.000000e+00	 2.733971e-05	 2.125982e+00	-9.013249e-06	 1.453133e-05	-2.541150e-09	 6.788558e-08
 1.300000e+01	 7.000000e+00	 1.299481e-04	 2.253615e+00	-5.128380e-05	 6.305386e-05	-1.149331e-07	 3.226665e-07
 1.300000e+01	 8.000000e+00	 1.230102e-04	 2.571083e+00	-6.475204e-05	 4.155061e-05	-1.114195e-06	 3.054711e-07
 1.300000e+01	 9.000000e+00	 5.410816e-05	 2.735540e+00	-3.109023e-05	 1.336711e-05	-3.634103e-06	 1.351251e-07
 1.300000e+01	 1.000000e+01	 2.555551e-05	 2.316068e+00	-1.083971e-05	 1.174649e-05	-6.788963e-06	 6.894200e-08
 1.400000e+01	 0.000000e+00	 1.044606e-03	 2.148529e+00	-3.568118e-04	 5.473134e-04	 2.234719e-04	 2.741329e-06
 1.400000e+01	 1.000000e+00	 2.762562e-04	 2.305358e+00	-1.158111e-04	 1.282278e-04	 1.353775e-05	 6.880574e-07
 1.400000e+01	 2.000000e+00	 5.093801e-05	-2.229664e+00	-1.950491e-05	-2.519066e-05	 3.356436e-07	 1.264881e-07
 1.400000e+01	 3.000000e+00	 1.082464e-04	-2.159096e+00	-3.757152e-05	-5.632097e-05	 8.418173e-08	 2.687802e-07
 1.400000e+01	 4.000000e+00	 1.133838e-04	-2.576385e+00	-5.988698e-05	-3.798196e-05	 1.681734e-08	 2.815364e-07
 1.400000e+01	 5.000000e+00	 5.102500e-05	-3.133515e+00	-3.191261e-05	-2.577893e-07	 8.650074e-13	 1.266971e-07
 1.400000e+01	 6.000000e+00	 9.990561e-05	 1.746481e+00	-1.092148e-05	 6.152424e-05	-3.111111e-09	 2.480696e-07
 1.400000e+01	 7.000000e+00	 1.569467e-04	 1.971941e+00	-3.832975e-05	 9.036986e-05	-8.591607e-08	 3.897051e-07
 1.400000e+01	 8.000000e+00	 1.040416e-04	 2.201052e+00	-3.835083e-05	 5.257094e-05	-6.599125e-07	 2.583527e-07
 1.400000e+01	 9.000000e+00	 4.111812e-05	 2.376598e+00	-1.855215e-05	 1.781014e-05	-2.168540e-06	 1.024602e-07
 1.400000e+01	 1.000000e+01	 3.092214e-05	 2.083571e+00	-9.488292e-06	 1.685287e-05	-5.942564e-06	 8.032364e-08
 1.500000e+01	 0.000000e+00	 1.328477e-03	 4.217415e-01	 7.580922e-04	 3.401279e-04	-4.748068e-04	 3.799253e-06
 1.500000e+01	 1.000000e+00	 6.054270e-04	 1.303616e-01	 3.754520e-04	 4.922370e-05	-4.388861e-05	 1.513363e-06
 1.500000e+01	 2.000000e+00	 2.166990e-04	-2.104877e-01	 1.325433e-04	-2.831819e-05	-2.280840e-06	 5.381485e-07
 1.500000e+01	 3.000000e+00	 5.000247e-05	-1.110136e+00	 1.390259e-05	-2.801406e-05	-3.115842e-08	 1.241582e-07
 1.500000e+01	 4.000000e+00	 9.724373e-05	-3.083487e+00	-6.071856e-05	-3.532086e-06	 1.705203e-08	 2.414600e-07
 1.500000e+01	 5.000000e+00	 1.135407e-04	 2.636854e+00	-6.215879e-05	 3.434092e-05	-8.736720e-12	 2.819261e-07
 1.500000e+01	 6.000000e+00	 1.384695e-04	 2.094183e+00	-4.328704e-05	 7.501212e-05	-1.219981e-08	 3.438253e-07
 1.500000e+01	 7.000000e+00	 1.367666e-04	 2.089867e+00	-4.243453e-05	 7.427345e-05	-9.510194e-08	 3.395971e-07
 1.500000e+01	 8.000000e+00	 6.983345e-05	 2.035963e+00	-1.959247e-05	 3.903654e-05	-3.371404e-07	 1.734044e-07
 1.500000e+01	 9.000000e+00	 2.865925e-05	 1.997793e+00	-7.423433e-06	 1.631554e-05	-8.677191e-07	 7.124538e-08
 1.500000e+01	 1.000000e+01	 2.995295e-05	 1.925043e+00	-6.498569e-06	 1.757087e-05	-4.070086e-06	 7.610935e-08
 1.600000e+01	 0.000000e+00	 1.297281e-03	-1.039644e+00	 4.109893e-04	-6.995961e-04	-2.574121e-04	 3.379417e-06
 1.600000e+01	 1.000000e+00	 5.403905e-04	-7.617357e-01	 2.445813e-04	-2.332720e-04	-2.858740e-05	 1.346602e-06
 1.600000e+01	 2.000000e+00	 2.618864e-04	-5.405730e-01	 1.404420e-04	-8.429452e-05	-2.416384e-06	 6.503451e-07
 1.600000e+01	 3.000000e+00	 9.415942e-05	-5.459239e-01	 5.033203e-05	-3.057726e-05	-1.127551e-07	 2.338020e-07
 1.600000e+01	 4.000000e+00	 6.976758e-05	-3.075546e+00	-4.354108e-05	-2.879946e-06	 1.223019e-08	 1.732357e-07
 1.600000e+01	 5.000000e+00	 1.311297e-04	 2.697757e+00	-7.406888e-05	 3.521786e-05	-2.158996e-11	 3.256002e-07
 1.600000e+01	 6.000000e+00	 1.429808e-04	 2.425054e+00	-6.743583e-05	 5.873402e-05	-1.898587e-08	 3.550269e-07
 1.600000e+01	 7.000000e+00	 1.072810e-04	 2.521378e+00	-5.460210e-05	 3.899860e-05	-1.223491e-07	 2.663834e-07
 1.600000e+01	 8.000000e+00	 5.015401e-05	 2.433132e+00	-2.382042e-05	 2.041065e-05	-4.098834e-07	 1.245450e-07
 1.600000e+01	 9.000000e+00	 2.893086e-05	 2.126454e+00	-9.545059e-06	 1.537254e-05	-1.115713e-06	 7.197289e-08
 1.600000e+01	 1.000000e+01	 3.239139e-05	 1.934983e+00	-7.216119e-06	 1.893051e-05	-4.519489e-06	 8.240611e-08
 1.700000e+01	 0.000000e+00	 5.271484e-04	-2.101054e+00	-1.667504e-04	-2.844294e-04	 1.044288e-04	 1.373017e-06
 1.700000e+01	 1.000000e+00	 1.447216e-04	-1.432817e+00	 1.244976e-05	-8.965606e-05	-1.455167e-06	 3.593960e-07
 1.700000e+01	 2.000000e+00	 1.965814e-04	-2.757658e-01	 1.183066e-04	-3.347787e-05	-2.035318e-06	 4.881863e-07
 1.700000e+01	 3.000000e+00	 1.215468e-04	-3.571236e-01	 7.122510e-05	-2.657569e-05	-1.595232e-07	 3.018062e-07
 1.700000e+01	 4.000000e+00	 7.792687e-05	-2.421349e+00	-3.663478e-05	-3.214697e-05	 1.035626e-08	 1.934955e-07
 1.700000e+01	 5.000000e+00	 1.472169e-04	-3.070611e+00	-9.184509e-05	-6.530303e-06	 5.134262e-11	 3.655453e-07
 1.700000e+01	 6.000000e+00	 1.608494e-04	 2.959950e+00	-9.894833e-05	 1.817358e-05	-2.778495e-08	 3.993954e-07
 1.700000e+01	 7.000000e+00	 1.342401e-04	 3.013765e+00	-8.327564e-05	 1.070330e-05	-1.865612e-07	 3.333244e-07
 1.700000e+01	 8.000000e+00	 8.265931e-05	 2.811681e+00	-4.891127e-05	 1.674849e-05	-8.416162e-07	 2.052735e-07
 1.700000e+01	 9.000000e+00	 4.647823e-05	 2.339322e+00	-2.020577e-05	 2.089937e-05	-2.361830e-06	 1.157876e-07
 1.700000e+01	 1.000000e+01	 4.053272e-05	 1.873540e+00	-7.558233e-06	 2.419831e-05	-4.733752e-06	 1.023839e-07
 1.800000e+01	 0.000000e+00	 1.566092e-04	-1.083343e+00	 4.587818e-05	-8.654286e-05	-2.872809e-05	 4.052467e-07
 1.800000e+01	 1.000000e+00	 1.805478e-04	-3.867155e-01	 1.045847e-04	-4.258905e-05	-1.222278e-05	 4.509257e-07
 1.800000e+01	 2.000000e+00	 2.460050e-04	-1.403032e-01	 1.523522e-04	-2.151687e-05	-2.620513e-06	 6.109288e-07
 1.800000e+01	 3.000000e+00	 1.309400e-04	-2.231078e-01	 7.986671e-05	-1.812055e-05	-1.788308e-07	 3.251299e-07
 1.800000e+01	 4.000000e+00	 9.605393e-05	-2.614009e+00	-5.190813e-05	-3.024561e-05	 1.506076e-08	 2.385057e-07
 1.800000e+01	 5.000000e+00	 2.051641e-04	-3.069639e+00	-1.279881e-04	-9.225184e-06	 3.232394e-10	 5.094307e-07
 1.800000e+01	 6.000000e+00	 2.206397e-04	 2.993898e+00	-1.364969e-04	 2.030778e-05	-3.823859e-08	 5.478571e-07
 1.800000e+01	 7.000000e+00	 1.838832e-04	 2.904940e+00	-1.118044e-04	 2.696412e-05	-2.504696e-07	 4.565904e-07
 1.800000e+01	 8.000000e+00	 1.290732e-04	 2.675986e+00	-7.213537e-05	 3.624447e-05	-1.241232e-06	 3.205319e-07
 1.800000e+01	 9.000000e+00	 6.919940e-05	 2.296356e+00	-2.871920e-05	 3.237961e-05	-3.356949e-06	 1.723409e-07
 1.800000e+01	 1.000000e+01	 5.797901e-05	 1.738957e+00	-6.069307e-06	 3.575152e-05	-3.801225e-06	 1.447529e-07
 1.900000e+01	 0.000000e+00	 3.261702e-04	-2.315985e+00	-1.383370e-04	-1.499344e-04	 8.666950e-05	 8.799528e-07
 1.900000e+01	 1.000000e+00	 7.687077e-05	-2.031317e+00	-2.136696e-05	-4.307012e-05	 2.499009e-06	 1.911308e-07
 1.900000e+01	 2.000000e+00	 1.605551e-04	 4.717503e-01	 8.945099e-05	 4.563519e-05	-1.543392e-06	 3.987117e-07
 1.900000e+01	 3.000000e+00	 2.203719e-04	 1.011839e+00	 7.309260e-05	 1.168550e-04	-1.834945e-07	 5.471927e-07
 1.900000e+01	 4.000000e+00	 1.020406e-04	 1.956475e+00	-2.400887e-05	 5.913331e-05	 3.326191e-09	 2.533709e-07
 1.900000e+01	 5.000000e+00	 1.750656e-04	 2.633465e+00	-9.566108e-05	 5.327398e-05	 2.613794e-10	 4.346949e-07
 1.900000e+01	 6.000000e+00	 1.934184e-04	 2.497205e+00	-9.671462e-05	 7.267007e-05	-2.709288e-08	 4.802656e-07
 1.900000e+01	 7.000000e+00	 1.539025e-04	 2.356489e+00	-6.808511e-05	 6.804500e-05	-1.525521e-07	 3.821466e-07
 1.900000e+01	 8.000000e+00	 1.163419e-04	 2.233979e+00	-4.479694e-05	 5.734242e-05	-7.708221e-07	 2.888978e-07
 1.900000e+01	 9.000000e+00	 7.131704e-05	 1.980761e+00	-1.777864e-05	 4.090911e-05	-2.078118e-06	 1.772751e-07
 1.900000e+01	 1.000000e+01	 7.615348e-05	 1.582021e+00	-5.346390e-07	 4.762729e-05	-3.348390e-07	 1.890968e-07
 2.000000e+01	 0.000000e+00	 1.574329e-04	 2.677031e+00	-8.803091e-05	 4.411611e-05	 5.518832e-05	 4.481250e-07
 2.000000e+01	 1.000000e+00	 3.847456e-04	 2.275357e+00	-1.558620e-04	 1.833424e-04	 1.818181e-05	 9.580615e-07
 2.000000e+01	 2.000000e+00	 1.433259e-03	 1.595526e+00	-2.216602e-05	 8.961592e-04	-6.285425e-07	 3.558839e-06
 2.000000e+01	 3.000000e+00	 2.308529e-03	 1.400664e+00	 2.444655e-04	 1.423026e-03	-2.505402e-06	 5.732176e-06
 2.000000e+01	 4.000000e+00	 9.566759e-04	 1.139344e+00	 2.502258e-04	 5.435206e-04	-4.107343e-07	 2.375465e-06
 2.000000e+01	 5.000000e+00	 2.623416e-04	 1.063622e+00	 7.969600e-05	 1.434273e-04	-2.655116e-08	 6.514045e-07
 2.000000e+01	 6.000000e+00	 1.261504e-04	 1.327658e+00	 1.899539e-05	 7.658020e-05	 2.812606e-09	 3.132364e-07
 2.000000e+01	 7.000000e+00	 1.014009e-04	 1.160481e+00	 2.529864e-05	 5.815705e-05	 5.624333e-08	 2.517826e-07
 2.000000e+01	 8.000000e+00	 7.465008e-05	 1.239678e+00	 1.517897e-05	 4.415375e-05	 2.611308e-07	 1.853620e-07
 2.000000e+01	 9.000000e+00	 5.874061e-05	 1.441660e+00	 4.731205e-06	 3.643347e-05	 5.530213e-07	 1.458718e-07
 2.000000e+01	 1.000000e+01	 8.325156e-05	 1.465915e+00	 5.451165e-06	 5.178366e-05	 3.414094e-06	 2.071608e-07
